Geneid	bam/SRR1552444_Aligned.sortedByCoord.out.bam	bam/SRR1552445_Aligned.sortedByCoord.out.bam	bam/SRR1552446_Aligned.sortedByCoord.out.bam	bam/SRR1552447_Aligned.sortedByCoord.out.bam
ENSMUSG00000100969.9	216	182	30	31
ENSMUSG00000117761.2	0	0	0	0
ENSMUSG00000118966.1	0	0	1	2
ENSMUSG00000118182.2	0	1	0	0
ENSMUSG00000117928.2	156	164	158	161
ENSMUSG00000118393.2	0	0	0	0
ENSMUSG00000121679.1	1422	1538	1762	1657
ENSMUSG00000118052.3	0	0	0	0
ENSMUSG00000118203.2	311	300	240	225
ENSMUSG00000117886.2	475	593	460	470
ENSMUSG00000024831.15	190	241	111	115
ENSMUSG00000024829.13	672	599	465	400
ENSMUSG00000099261.3	0	0	0	0
ENSMUSG00000118213.2	1257	1251	1081	919
ENSMUSG00000124049.1	4	2	2	1
ENSMUSG00000024900.6	1732	2273	820	1432
ENSMUSG00000134008.1	0	0	0	0
ENSMUSG00000024905.16	3	11	3	2
ENSMUSG00000024907.8	16	24	4	1
ENSMUSG00000024908.16	3366	3856	3452	3091
ENSMUSG00000114315.2	0	1	0	0
ENSMUSG00000075908.3	0	0	0	0
ENSMUSG00000114302.2	2	2	5	0
ENSMUSG00000122710.1	3	6	5	2
ENSMUSG00000024913.17	4252	5046	1817	1366
ENSMUSG00000137075.1	6	6	2	3
ENSMUSG00000125522.1	5	3	3	6
ENSMUSG00000135862.1	10	7	5	4
ENSMUSG00000118249.3	6	0	2	1
ENSMUSG00000135905.1	4	2	4	3
ENSMUSG00000035372.3	476	517	230	235
ENSMUSG00000117739.3	39	37	18	19
ENSMUSG00000124674.1	2	1	0	0
ENSMUSG00000118231.2	24384	25352	17966	15713
ENSMUSG00000118096.2	5	4	5	5
ENSMUSG00000117773.2	5	4	1	3
ENSMUSG00000045098.20	1839	2101	1729	1738
ENSMUSG00000082848.3	16	18	17	17
ENSMUSG00000117779.2	890	926	918	797
ENSMUSG00000024843.16	12671	13953	42066	49120
ENSMUSG00000117912.2	4	2	8	8
ENSMUSG00000134049.1	464	354	943	997
ENSMUSG00000001750.17	2565	2919	2057	1437
ENSMUSG00000133194.1	2	1	0	1
ENSMUSG00000059734.8	1141	1099	1042	870
ENSMUSG00000140175.1	6	7	5	3
ENSMUSG00000024885.10	216	248	21	21
ENSMUSG00000140214.1	5	8	0	0
ENSMUSG00000140249.1	2	1	0	0
ENSMUSG00000118129.2	10	14	7	6
ENSMUSG00000036908.18	662	686	454	337
ENSMUSG00000141736.1	0	0	0	0
ENSMUSG00000037263.14	8	9	3	10
ENSMUSG00000075296.6	66	85	60	47
ENSMUSG00000132187.1	7	3	2	1
ENSMUSG00000024866.11	113	119	40	45
ENSMUSG00000037477.9	1	5	1	1
ENSMUSG00000086107.3	30	27	17	27
ENSMUSG00000110949.2	18	10	8	8
ENSMUSG00000024869.11	159	162	78	74
ENSMUSG00000024871.12	141	136	84	46
ENSMUSG00000037916.15	2151	2326	2236	2094
ENSMUSG00000060803.7	742	674	581	581
ENSMUSG00000038155.12	4	4	4	8
ENSMUSG00000058216.14	1	1	5	4
ENSMUSG00000135122.1	12326	12702	6594	6612
ENSMUSG00000140276.1	0	0	0	1
ENSMUSG00000104921.3	0	1	2	0
ENSMUSG00000064400.4	0	0	0	0
ENSMUSG00000024857.17	1	1	2	2
ENSMUSG00000127101.1	44	50	36	27
ENSMUSG00000024856.11	689	746	815	543
ENSMUSG00000024851.15	2024	2125	1958	1805
ENSMUSG00000024847.16	547	508	320	270
ENSMUSG00000024845.20	1012	1054	942	792
ENSMUSG00000024842.9	12	17	9	10
ENSMUSG00000044724.10	3	4	3	2
ENSMUSG00000024835.16	2040	2354	2560	2407
ENSMUSG00000045826.10	0	1	1	0
ENSMUSG00000024830.18	733	832	719	677
ENSMUSG00000075289.6	97	99	40	46
ENSMUSG00000117905.2	9	8	6	7
ENSMUSG00000097233.2	3	11	7	5
ENSMUSG00000040247.7	1	9	6	4
ENSMUSG00000040385.8	5496	5859	5592	4719
ENSMUSG00000117839.2	3	9	7	5
ENSMUSG00000024824.8	276	268	232	224
ENSMUSG00000118245.4	9	6	2	4
ENSMUSG00000126154.1	1	0	0	0
ENSMUSG00000133637.1	0	1	0	0
ENSMUSG00000135663.1	11	12	11	6
ENSMUSG00000040663.10	515	746	150	136
ENSMUSG00000117873.2	0	0	0	0
ENSMUSG00002075602.1	4	5	1	0
ENSMUSG00000117718.4	84	109	16	16
ENSMUSG00000024854.5	360	422	195	209
ENSMUSG00000130729.1	5	5	3	2
ENSMUSG00000034616.18	3297	3563	1897	1878
ENSMUSG00000099290.3	3	2	1	5
ENSMUSG00000005986.17	262	366	141	127
ENSMUSG00000118344.2	14	9	3	8
ENSMUSG00000024858.15	3261	3756	3290	2931
ENSMUSG00000120891.1	4	7	4	1
ENSMUSG00000132146.1	1	3	2	1
ENSMUSG00000054611.18	4042	4369	3705	3513
ENSMUSG00000127229.1	1	2	0	1
ENSMUSG00000127267.1	4	8	5	2
ENSMUSG00000130718.1	2	4	0	1
ENSMUSG00000041845.12	350	367	319	343
ENSMUSG00000087132.11	39	61	26	29
ENSMUSG00000125325.1	1	2	0	0
ENSMUSG00000049303.11	241	366	414	432
ENSMUSG00000137529.1	1	0	2	3
ENSMUSG00000135758.1	0	1	2	0
ENSMUSG00000042041.8	22	35	37	40
ENSMUSG00000024892.18	1591	1920	8014	9020
ENSMUSG00000045045.8	1263	1450	1581	1663
ENSMUSG00000024889.6	909	883	816	806
ENSMUSG00000098346.3	7	2	11	11
ENSMUSG00000071691.12	22	21	10	7
ENSMUSG00000117746.2	0	0	0	0
ENSMUSG00000067889.8	2023	2299	1783	1796
ENSMUSG00000126466.1	33	16	6	4
ENSMUSG00000096370.9	34	52	19	24
ENSMUSG00000126503.1	6	8	0	2
ENSMUSG00000033760.18	385	365	229	199
ENSMUSG00000103651.2	0	0	0	0
ENSMUSG00000094936.9	95	80	89	83
ENSMUSG00000006456.11	504	656	564	398
ENSMUSG00000095913.2	5	7	3	0
ENSMUSG00000128095.1	14	7	2	4
ENSMUSG00000126581.1	17	12	5	6
ENSMUSG00000034108.7	492	551	321	351
ENSMUSG00000067872.3	3	1	0	1
ENSMUSG00000083282.4	236	245	91	131
ENSMUSG00000006457.5	780	792	709	759
ENSMUSG00000006463.14	287	284	307	240
ENSMUSG00000006464.10	119	120	48	59
ENSMUSG00002074886.1	0	1	0	0
ENSMUSG00000063904.5	876	945	1351	1040
ENSMUSG00000024901.16	83	82	55	36
ENSMUSG00000024902.6	597	565	515	434
ENSMUSG00000045903.10	3	2	9	12
ENSMUSG00000118364.2	3	5	2	1
ENSMUSG00000120130.2	0	2	2	3
ENSMUSG00000129698.1	7	5	6	3
ENSMUSG00000117723.2	23	18	7	2
ENSMUSG00000142663.1	0	0	0	0
ENSMUSG00000120690.2	3	3	6	5
ENSMUSG00000024891.7	138	124	121	100
ENSMUSG00000140864.1	8	6	3	3
ENSMUSG00000047379.8	2	1	1	1
ENSMUSG00000117789.2	1	2	2	0
ENSMUSG00000080268.5	27	30	19	19
ENSMUSG00000024883.9	531	555	143	194
ENSMUSG00000056481.8	12	24	5	3
ENSMUSG00000061451.14	23	33	18	13
ENSMUSG00000117893.3	2	3	2	5
ENSMUSG00000024875.6	625	616	886	705
ENSMUSG00000024873.8	39	82	11	19
ENSMUSG00000024870.7	2525	2778	3005	2723
ENSMUSG00000130582.1	16	14	6	7
ENSMUSG00000024862.17	522	545	464	468
ENSMUSG00000117710.3	1166	1192	987	821
ENSMUSG00000117729.2	5647	5787	4865	3882
ENSMUSG00000024855.11	2106	2451	1581	1526
ENSMUSG00002076406.1	0	1	2	1
ENSMUSG00000118104.2	53	64	49	40
ENSMUSG00000024853.11	4347	4548	3475	3056
ENSMUSG00000118243.3	6	11	7	2
ENSMUSG00000047658.7	3	10	6	5
ENSMUSG00000118263.4	0	0	0	0
ENSMUSG00000118009.2	0	0	0	0
ENSMUSG00000117807.2	158	166	96	101
ENSMUSG00000038498.5	0	1	0	0
ENSMUSG00000024846.7	12	13	9	6
ENSMUSG00000118610.2	5	1	4	7
ENSMUSG00000024844.16	1814	1757	1568	1166
ENSMUSG00000024841.9	803	831	694	512
ENSMUSG00000039148.6	1799	1814	1518	1576
ENSMUSG00000117959.3	54	53	45	41
ENSMUSG00000039330.6	1	0	0	0
ENSMUSG00000120167.2	6	7	10	3
ENSMUSG00000086938.12	436	508	503	443
ENSMUSG00000051133.4	0	0	0	0
ENSMUSG00000024914.17	2084	2111	1595	1427
ENSMUSG00000047423.11	857	997	707	635
ENSMUSG00002076078.1	7	11	3	3
ENSMUSG00000117771.2	2107	1922	1307	928
ENSMUSG00000132321.1	83	95	55	35
ENSMUSG00000117845.2	0	1	1	0
ENSMUSG00000024912.7	1462	1779	895	890
ENSMUSG00000095098.3	975	1083	617	677
ENSMUSG00000024911.8	955	894	704	699
ENSMUSG00000024910.6	11	8	10	9
ENSMUSG00000024909.16	660	748	114	169
ENSMUSG00000024906.11	277	364	296	254
ENSMUSG00000117966.2	1	3	0	0
ENSMUSG00000132405.1	5	9	2	6
ENSMUSG00000056201.10	13457	14054	10678	10583
ENSMUSG00000056185.6	95	95	39	55
ENSMUSG00000100937.2	16	14	10	9
ENSMUSG00000121780.2	15	18	10	11
ENSMUSG00000109695.4	10	8	14	10
ENSMUSG00000024922.3	857	935	742	919
ENSMUSG00000117861.3	7	6	6	6
ENSMUSG00000049562.7	185	201	73	62
ENSMUSG00000024925.12	601	515	494	394
ENSMUSG00000024926.11	1164	1188	919	913
ENSMUSG00000141336.1	0	0	0	0
ENSMUSG00000120141.2	4	2	0	1
ENSMUSG00000024927.9	6216	7075	5078	4453
ENSMUSG00000056917.14	294	376	221	189
ENSMUSG00000054874.13	2167	2404	1923	1493
ENSMUSG00000098568.3	3	0	0	0
ENSMUSG00000004054.10	1887	2477	1844	1669
ENSMUSG00000118077.2	6	2	1	0
ENSMUSG00000131308.1	11	2	6	7
ENSMUSG00000131042.1	3	1	0	0
ENSMUSG00000024936.9	15	19	1	3
ENSMUSG00000024937.16	734	896	322	426
ENSMUSG00000089766.4	4	2	4	5
ENSMUSG00000131009.1	1	1	1	3
ENSMUSG00000024939.7	17	19	24	17
ENSMUSG00000118125.2	73	60	76	55
ENSMUSG00000079478.10	20	19	20	18
ENSMUSG00000024940.12	8987	10678	3017	3138
ENSMUSG00000024941.10	1710	1830	1583	1558
ENSMUSG00000130860.1	106	116	59	49
ENSMUSG00000130900.1	7	9	8	2
ENSMUSG00000131152.1	20	10	8	9
ENSMUSG00000092341.7	9391	7603	8141	10036
ENSMUSG00002076626.1	0	0	0	0
ENSMUSG00000130597.1	0	0	0	0
ENSMUSG00000102349.2	0	0	0	0
ENSMUSG00000131117.1	0	3	1	1
ENSMUSG00000131430.1	0	0	0	0
ENSMUSG00000130824.1	0	1	0	0
ENSMUSG00000120562.1	2	2	1	2
ENSMUSG00000131386.1	0	1	2	5
ENSMUSG00002074969.1	0	0	0	0
ENSMUSG00000092274.6	23482	33499	13231	14406
ENSMUSG00002076852.1	0	0	0	0
ENSMUSG00002075794.1	0	0	0	0
ENSMUSG00002076763.1	0	0	0	0
ENSMUSG00000043488.8	15	19	2	5
ENSMUSG00000131230.1	0	0	0	3
ENSMUSG00000131273.1	0	0	0	0
ENSMUSG00000024816.13	818	1133	1105	1166
ENSMUSG00000024818.16	175	195	442	531
ENSMUSG00000131350.1	1	0	1	1
ENSMUSG00000044390.6	25	27	17	33
ENSMUSG00000130974.1	6	8	4	3
ENSMUSG00000024826.16	1410	1475	1047	877
ENSMUSG00000110156.5	21	21	40	24
ENSMUSG00000045664.6	80	89	53	48
ENSMUSG00000136438.1	27	24	16	21
ENSMUSG00000024833.16	511	518	338	177
ENSMUSG00000138794.1	1	1	0	0
ENSMUSG00000037451.9	1	1	1	0
ENSMUSG00000024942.20	1191	1397	518	521
ENSMUSG00000097404.4	9	7	3	0
ENSMUSG00000124082.1	0	2	1	0
ENSMUSG00000118194.2	294	275	188	135
ENSMUSG00000143274.1	0	1	2	2
ENSMUSG00000119968.2	2460	2454	2084	2517
ENSMUSG00000094281.2	0	0	0	0
ENSMUSG00000137613.1	0	0	0	0
ENSMUSG00000024807.19	1762	2308	3086	2491
ENSMUSG00000098928.3	2	0	0	3
ENSMUSG00000007338.11	557	530	500	359
ENSMUSG00000118496.2	2	0	0	0
ENSMUSG00000038274.14	17226	19159	14485	13048
ENSMUSG00000120982.2	1	3	3	1
ENSMUSG00000075227.7	0	0	0	0
ENSMUSG00000024799.17	214	260	168	162
ENSMUSG00000024797.15	875	942	736	662
ENSMUSG00000100621.3	5	10	2	3
ENSMUSG00000137496.1	6	7	5	6
ENSMUSG00000137572.1	0	2	2	1
ENSMUSG00000047733.11	2	0	0	1
ENSMUSG00000024792.10	298	307	405	338
ENSMUSG00000024791.11	158	184	138	97
ENSMUSG00000122789.1	25	33	21	27
ENSMUSG00000117666.2	1	3	1	0
ENSMUSG00000054999.3	17	16	10	13
ENSMUSG00000024790.9	166	160	202	148
ENSMUSG00000024787.15	356	346	406	345
ENSMUSG00000130711.1	0	0	1	0
ENSMUSG00000024944.7	401	361	299	310
ENSMUSG00000039699.15	10	16	6	0
ENSMUSG00002076495.1	0	0	0	0
ENSMUSG00000083458.2	517	542	517	468
ENSMUSG00000024786.10	3	1	4	1
ENSMUSG00000024784.14	2	2	1	3
ENSMUSG00000024777.11	397	552	737	629
ENSMUSG00000024773.16	2270	2858	2565	2447
ENSMUSG00000132389.1	7	19	6	6
ENSMUSG00000132430.1	0	0	0	0
ENSMUSG00000065582.3	0	0	0	1
ENSMUSG00000065523.3	1	1	1	0
ENSMUSG00000085196.3	13	14	7	9
ENSMUSG00000125314.1	2	5	0	0
ENSMUSG00000024772.10	5757	6683	7132	7153
ENSMUSG00000136874.1	3	2	1	1
ENSMUSG00000136836.1	22	16	8	5
ENSMUSG00000024769.8	1907	2244	2073	2030
ENSMUSG00000117681.2	1	1	0	1
ENSMUSG00000024947.18	692	879	605	518
ENSMUSG00000024948.16	680	740	626	523
ENSMUSG00000099230.3	2	1	3	0
ENSMUSG00000079467.11	37	29	22	12
ENSMUSG00000024949.18	9414	10216	8131	7135
ENSMUSG00000032648.15	196	255	158	154
ENSMUSG00000032946.17	27	32	15	14
ENSMUSG00000084876.9	0	0	1	0
ENSMUSG00000033768.18	65	154	11	8
ENSMUSG00000117897.2	0	0	0	0
ENSMUSG00000136250.1	0	0	0	0
ENSMUSG00000137478.1	7	1	0	0
ENSMUSG00000124438.1	3	10	1	1
ENSMUSG00000052188.7	9	21	0	1
ENSMUSG00000061742.13	0	2	0	0
ENSMUSG00002075372.1	6	6	3	1
ENSMUSG00000118062.2	0	0	0	0
ENSMUSG00000131627.1	15	14	12	12
ENSMUSG00000084221.2	580	577	395	302
ENSMUSG00000084825.2	1	2	0	1
ENSMUSG00000085285.3	0	0	2	0
ENSMUSG00000118181.2	1	0	1	0
ENSMUSG00000118668.1	526	663	591	549
ENSMUSG00000104884.3	0	0	0	0
ENSMUSG00000126130.1	1	0	1	2
ENSMUSG00000047810.10	146	202	611	503
ENSMUSG00000130503.1	5	2	2	5
ENSMUSG00000123254.1	1	3	6	2
ENSMUSG00000024953.18	1946	2596	1662	1629
ENSMUSG00000038812.17	781	756	537	417
ENSMUSG00000024955.16	519	597	1297	1158
ENSMUSG00000098413.3	0	0	0	0
ENSMUSG00000134248.1	1	3	2	0
ENSMUSG00000050623.6	6	10	1	7
ENSMUSG00000024957.11	7	8	7	10
ENSMUSG00000024958.15	541	552	275	274
ENSMUSG00000130743.1	6	3	4	5
ENSMUSG00000024959.15	210	268	247	220
ENSMUSG00000120718.2	1	0	0	0
ENSMUSG00000024960.10	2097	2313	1457	1376
ENSMUSG00000138687.1	5	7	1	3
ENSMUSG00000056612.8	2415	2429	2483	1943
ENSMUSG00000056629.17	773	843	721	682
ENSMUSG00000138811.1	0	0	1	1
ENSMUSG00000024962.14	268	303	335	233
ENSMUSG00000024963.13	420	372	282	238
ENSMUSG00000138771.1	0	0	0	0
ENSMUSG00000037349.10	197	190	282	223
ENSMUSG00000047656.10	122	119	75	63
ENSMUSG00000024965.10	65	94	76	102
ENSMUSG00000138644.1	26	32	13	15
ENSMUSG00000024966.10	3759	4359	2982	2326
ENSMUSG00000138724.1	1	7	1	2
ENSMUSG00000036278.8	363	535	625	544
ENSMUSG00000117901.2	2	2	0	0
ENSMUSG00000047787.9	4	8	8	2
ENSMUSG00000129439.1	0	1	0	1
ENSMUSG00000129474.1	0	2	0	0
ENSMUSG00000129514.1	0	0	0	0
ENSMUSG00000024767.12	1253	1347	955	874
ENSMUSG00000129364.1	17	29	23	15
ENSMUSG00000035885.6	4267	4744	5214	4530
ENSMUSG00000024764.11	933	1058	627	503
ENSMUSG00000119835.1	0	2	0	0
ENSMUSG00002075307.1	0	0	0	0
ENSMUSG00000129588.1	1	0	0	0
ENSMUSG00000120626.2	0	0	1	0
ENSMUSG00000024968.15	150	188	61	54
ENSMUSG00000024969.17	2711	3197	2245	2179
ENSMUSG00000091558.3	3	2	3	0
ENSMUSG00000129609.1	0	2	0	0
ENSMUSG00000024970.6	892	1172	773	705
ENSMUSG00000117743.2	97	64	54	49
ENSMUSG00000099923.5	15	25	4	12
ENSMUSG00000125136.1	1226	1428	1144	1018
ENSMUSG00000095690.3	486	497	408	371
ENSMUSG00000118297.2	0	0	0	1
ENSMUSG00000053080.11	1410	1724	961	908
ENSMUSG00000098293.3	4	4	4	7
ENSMUSG00000024758.16	4987	5992	7725	7752
ENSMUSG00000125098.1	22	21	15	16
ENSMUSG00000125058.1	15	16	15	8
ENSMUSG00000024759.15	2757	2548	1859	2105
ENSMUSG00000060675.14	1520	1513	1218	1187
ENSMUSG00000024972.17	302	267	603	560
ENSMUSG00000122672.1	0	0	0	0
ENSMUSG00000024973.18	1	6	1	2
ENSMUSG00000024761.4	351	394	351	315
ENSMUSG00000024757.8	6	5	7	3
ENSMUSG00000083160.2	232	251	165	178
ENSMUSG00000081596.2	21	28	8	9
ENSMUSG00000117937.2	8003	7636	5987	5105
ENSMUSG00000053303.15	1	5	0	0
ENSMUSG00000118312.2	0	0	0	0
ENSMUSG00000067656.14	0	0	0	0
ENSMUSG00002076220.1	3078	3247	2432	2282
ENSMUSG00000118220.2	16948	17844	14718	13344
ENSMUSG00000118036.2	289	302	169	227
ENSMUSG00000141856.1	2	0	0	0
ENSMUSG00000063590.4	0	0	1	0
ENSMUSG00000075044.15	0	0	0	0
ENSMUSG00000142196.1	3	1	2	1
ENSMUSG00000118280.3	2	2	3	0
ENSMUSG00000118345.2	11564	12516	10082	9092
ENSMUSG00000117877.2	597	789	432	583
ENSMUSG00000052562.16	2	0	0	2
ENSMUSG00000121393.1	1	5	4	4
ENSMUSG00000110298.3	0	0	0	0
ENSMUSG00000086174.2	6411	6067	7770	6325
ENSMUSG00000063796.10	0	0	3	0
ENSMUSG00000024650.6	1	4	0	0
ENSMUSG00000117763.3	26	45	6	11
ENSMUSG00000032773.10	94	103	31	19
ENSMUSG00002075107.1	0	0	0	0
ENSMUSG00000130599.1	33	58	27	11
ENSMUSG00000010095.14	7029	6747	7474	6228
ENSMUSG00000108414.4	3119	2609	1512	1243
ENSMUSG00000064721.6	0	0	0	0
ENSMUSG00000065392.3	0	0	0	0
ENSMUSG00000065281.4	0	0	0	0
ENSMUSG00000065280.3	0	0	0	0
ENSMUSG00000065378.3	0	0	0	0
ENSMUSG00000065782.3	0	0	0	0
ENSMUSG00000065305.3	0	0	0	0
ENSMUSG00000065087.3	0	0	0	0
ENSMUSG00000042729.12	834	704	573	457
ENSMUSG00000131944.1	11	7	7	6
ENSMUSG00000090840.3	3	11	5	9
ENSMUSG00000010110.18	1432	1698	1948	1812
ENSMUSG00000098844.3	0	0	0	0
ENSMUSG00000120219.2	10	14	5	13
ENSMUSG00000010097.16	5862	6016	5194	5130
ENSMUSG00000117924.2	542	575	684	580
ENSMUSG00000118346.2	402	410	338	279
ENSMUSG00000003680.17	99	138	105	89
ENSMUSG00000120814.2	0	0	0	0
ENSMUSG00000118261.2	0	0	0	0
ENSMUSG00000140173.1	1	3	2	2
ENSMUSG00000118305.2	0	0	0	0
ENSMUSG00000071662.5	1045	969	810	677
ENSMUSG00000071661.8	28	23	13	10
ENSMUSG00000071660.11	692	733	819	668
ENSMUSG00000071659.5	4820	5234	4001	3687
ENSMUSG00000118124.2	1	3	3	1
ENSMUSG00000071658.6	17	26	24	23
ENSMUSG00000071657.13	780	870	1055	966
ENSMUSG00000071656.8	50	60	38	52
ENSMUSG00000071655.13	1891	2043	1374	1277
ENSMUSG00000071654.7	361	387	366	423
ENSMUSG00000096740.9	72	56	60	44
ENSMUSG00000143185.1	10	18	12	13
ENSMUSG00000070167.3	0	0	0	0
ENSMUSG00000093314.3	0	0	0	0
ENSMUSG00000071653.10	11	10	9	10
ENSMUSG00000116347.2	0	0	0	0
ENSMUSG00000071652.9	421	501	330	274
ENSMUSG00000071650.7	6450	6606	6005	5490
ENSMUSG00000120807.2	8	11	6	2
ENSMUSG00000071649.7	695	752	724	633
ENSMUSG00000071648.5	58	66	27	26
ENSMUSG00000071647.6	1058	1316	979	1133
ENSMUSG00000114220.3	44	30	11	17
ENSMUSG00000131652.1	22	21	14	6
ENSMUSG00000071646.10	2715	3047	2814	2686
ENSMUSG00000131614.1	18	16	8	10
ENSMUSG00000071645.7	510	510	323	307
ENSMUSG00000128830.1	0	2	2	1
ENSMUSG00000128872.1	0	1	1	0
ENSMUSG00000071644.11	24071	22987	25089	20885
ENSMUSG00000126273.1	13	12	8	3
ENSMUSG00000069833.14	75176	69013	30051	33434
ENSMUSG00000129376.1	9	9	2	2
ENSMUSG00000024653.3	2	3	0	2
ENSMUSG00000131651.1	0	0	0	0
ENSMUSG00000024654.9	1348	1063	313	213
ENSMUSG00000024658.9	24	21	8	6
ENSMUSG00000117804.2	6154	6691	5312	4709
ENSMUSG00002074975.1	1	2	1	4
ENSMUSG00000067608.6	5584	5061	3214	2055
ENSMUSG00000125972.1	11	5	13	2
ENSMUSG00000101398.2	4	3	2	1
ENSMUSG00000129015.1	0	2	1	0
ENSMUSG00000071640.4	273	288	297	246
ENSMUSG00000138809.1	0	0	0	0
ENSMUSG00000096818.3	0	0	0	0
ENSMUSG00000138401.1	313	234	34	26
ENSMUSG00000100141.2	893	730	226	169
ENSMUSG00000129841.1	64	37	22	17
ENSMUSG00000128080.1	1	0	0	0
ENSMUSG00000117756.2	16	32	29	26
ENSMUSG00000118383.3	1020	1414	1155	1418
ENSMUSG00000096872.3	0	3	0	0
ENSMUSG00002076484.1	0	0	1	1
ENSMUSG00000118138.2	20	15	18	10
ENSMUSG00000024660.10	552	634	608	379
ENSMUSG00000118325.2	0	0	0	1
ENSMUSG00000118100.4	25	16	16	12
ENSMUSG00002075984.1	10	14	19	17
ENSMUSG00000118008.3	10	2	12	66
ENSMUSG00000118065.2	11	34	10	11
ENSMUSG00000118183.2	1	2	0	8
ENSMUSG00000118123.2	1	4	4	10
ENSMUSG00000131178.1	0	0	0	0
ENSMUSG00000120136.2	1	1	6	3
ENSMUSG00000131111.1	0	0	1	1
ENSMUSG00000024661.8	20962	19279	109923	116420
ENSMUSG00000037418.7	7	9	22	21
ENSMUSG00000024663.21	9	16	20	19
ENSMUSG00000131036.1	0	0	0	0
ENSMUSG00000131068.1	6	2	3	3
ENSMUSG00000024664.6	1836	1804	1586	1682
ENSMUSG00000131004.1	86	80	54	59
ENSMUSG00000024665.9	5656	5520	10264	7858
ENSMUSG00000129572.1	4	2	9	5
ENSMUSG00000130517.1	0	0	0	0
ENSMUSG00000122785.1	4	1	4	4
ENSMUSG00000122823.1	0	0	0	0
ENSMUSG00000117700.2	203	254	276	225
ENSMUSG00000137182.1	19	12	17	16
ENSMUSG00000010663.6	4016	4011	11874	11105
ENSMUSG00000098363.3	0	1	3	1
ENSMUSG00000137224.1	0	0	0	0
ENSMUSG00000064032.3	14	7	32	19
ENSMUSG00000024742.16	139	123	205	118
ENSMUSG00000036372.15	999	1051	1086	1113
ENSMUSG00000036098.16	44	40	139	128
ENSMUSG00000035735.11	222	250	128	222
ENSMUSG00000137097.1	0	1	1	5
ENSMUSG00000118330.3	17	19	5	5
ENSMUSG00000125164.1	0	0	0	0
ENSMUSG00000024743.17	1358	1611	58	98
ENSMUSG00000132490.1	0	2	1	1
ENSMUSG00000118310.2	33	43	8	2
ENSMUSG00000090291.4	42	60	19	22
ENSMUSG00000035179.5	13	20	11	11
ENSMUSG00000126509.1	1	1	1	0
ENSMUSG00000024668.9	537	493	252	225
ENSMUSG00000034820.5	2824	3068	1729	1561
ENSMUSG00000024667.13	279	305	152	124
ENSMUSG00000024666.7	77	94	55	47
ENSMUSG00000117955.2	13	4	3	2
ENSMUSG00000034445.9	524	568	318	327
ENSMUSG00000034371.10	264	269	188	164
ENSMUSG00000024740.11	12609	12899	10799	10792
ENSMUSG00000133390.1	2	2	2	1
ENSMUSG00000043789.9	19	19	15	14
ENSMUSG00000118392.3	0	1	1	0
ENSMUSG00000024738.7	0	0	0	0
ENSMUSG00000127999.1	2	0	0	0
ENSMUSG00000114772.3	0	0	0	0
ENSMUSG00000048832.10	1590	1741	1774	1507
ENSMUSG00000024669.9	5	6	4	3
ENSMUSG00000139320.1	0	0	0	0
ENSMUSG00000067577.11	3	2	0	4
ENSMUSG00000140779.1	0	0	0	0
ENSMUSG00000024670.18	2	3	2	0
ENSMUSG00000024737.3	1	7	11	8
ENSMUSG00000118027.2	3	1	3	2
ENSMUSG00000024736.16	1220	1398	1236	956
ENSMUSG00000139856.1	0	0	0	0
ENSMUSG00000034659.15	1729	1674	1299	915
ENSMUSG00000024735.14	3894	4011	3916	2851
ENSMUSG00000024734.9	1	0	0	1
ENSMUSG00000034117.4	4	0	2	0
ENSMUSG00000024732.8	843	794	796	726
ENSMUSG00000024731.16	0	0	0	0
ENSMUSG00000067571.5	1	1	1	3
ENSMUSG00000094584.3	0	1	0	0
ENSMUSG00000101264.3	3	2	0	0
ENSMUSG00000075010.8	1686	2075	58	54
ENSMUSG00000024730.8	1	0	1	0
ENSMUSG00000101439.2	239	184	159	240
ENSMUSG00000024729.9	2	2	1	4
ENSMUSG00000099998.2	1723	1657	1888	1498
ENSMUSG00000024728.14	1	2	0	0
ENSMUSG00000125284.1	0	0	0	0
ENSMUSG00000057240.15	0	0	0	0
ENSMUSG00000097091.4	7	2	3	4
ENSMUSG00000101031.3	1	1	3	0
ENSMUSG00000024673.10	5	4	1	4
ENSMUSG00000054523.14	0	1	1	0
ENSMUSG00000099398.2	0	0	1	0
ENSMUSG00000024672.12	0	4	4	5
ENSMUSG00000100392.4	0	1	0	0
ENSMUSG00000101389.2	0	0	1	1
ENSMUSG00000120733.1	0	0	0	0
ENSMUSG00000120878.2	5	10	4	4
ENSMUSG00000101024.2	97	95	89	63
ENSMUSG00000024675.20	0	0	0	0
ENSMUSG00000100615.2	7649	8417	4961	4932
ENSMUSG00000056290.17	3	2	0	1
ENSMUSG00000079419.5	0	1	0	2
ENSMUSG00000099757.4	0	2	1	2
ENSMUSG00000058470.11	5	2	4	5
ENSMUSG00000120890.1	0	0	0	0
ENSMUSG00000100529.3	1	0	0	0
ENSMUSG00000024677.14	9	7	5	5
ENSMUSG00000138562.1	0	0	0	0
ENSMUSG00000024678.7	4	4	3	2
ENSMUSG00000067555.3	0	0	0	1
ENSMUSG00000104088.2	0	1	1	1
ENSMUSG00000024679.11	2	10	48	48
ENSMUSG00000119417.2	0	0	0	0
ENSMUSG00000024680.13	0	0	0	0
ENSMUSG00000024681.12	1	0	0	1
ENSMUSG00000055895.7	0	0	0	0
ENSMUSG00000041857.11	0	0	0	0
ENSMUSG00000088310.3	2	4	0	2
ENSMUSG00000089625.3	0	0	0	0
ENSMUSG00000055933.14	0	0	0	1
ENSMUSG00000100918.2	463	610	490	485
ENSMUSG00000024682.4	0	3	1	2
ENSMUSG00000024683.7	452	396	423	404
ENSMUSG00000041488.17	2013	2381	3302	3113
ENSMUSG00000128878.1	8	8	24	27
ENSMUSG00000048292.4	2	1	5	1
ENSMUSG00000060556.5	1	0	2	0
ENSMUSG00000108966.2	0	0	0	0
ENSMUSG00000067545.4	146	196	141	131
ENSMUSG00000051548.5	1062	1240	740	624
ENSMUSG00000060878.5	3	0	1	0
ENSMUSG00000144117.1	11	5	5	5
ENSMUSG00000046139.9	1800	1893	1204	1106
ENSMUSG00000104979.3	2	1	0	1
ENSMUSG00000077227.3	5	5	7	7
ENSMUSG00000024687.12	1644	1818	1936	1807
ENSMUSG00000127110.1	4	3	3	3
ENSMUSG00000136094.1	2	2	0	0
ENSMUSG00000127777.1	0	0	0	0
ENSMUSG00000109030.2	0	0	0	0
ENSMUSG00000109047.2	0	0	0	0
ENSMUSG00000108947.2	0	0	0	0
ENSMUSG00000109223.2	0	0	0	0
ENSMUSG00000067529.3	5	5	4	4
ENSMUSG00000109417.2	0	0	0	0
ENSMUSG00000067528.4	0	0	0	0
ENSMUSG00000067526.4	1	1	0	0
ENSMUSG00000044994.11	0	1	1	1
ENSMUSG00000067525.4	0	0	0	0
ENSMUSG00000067524.5	0	0	0	0
ENSMUSG00000067522.4	2	2	0	0
ENSMUSG00000108889.3	35	30	26	37
ENSMUSG00000109410.2	0	0	0	0
ENSMUSG00000094133.3	0	1	0	0
ENSMUSG00000109022.3	7	6	0	0
ENSMUSG00000141605.1	0	1	0	1
ENSMUSG00000067519.2	0	0	0	1
ENSMUSG00000097646.2	196	195	191	173
ENSMUSG00000060049.6	0	0	0	0
ENSMUSG00000118093.2	5021	5334	4607	3957
ENSMUSG00000095640.5	0	0	0	0
ENSMUSG00000109433.2	0	0	0	0
ENSMUSG00000067513.2	0	0	0	0
ENSMUSG00000109229.2	0	0	0	0
ENSMUSG00000096436.4	17	13	18	11
ENSMUSG00000109328.3	0	0	0	2
ENSMUSG00000109007.2	0	0	0	0
ENSMUSG00000046650.5	6	4	4	4
ENSMUSG00000050815.7	0	2	1	2
ENSMUSG00000040065.9	0	1	0	1
ENSMUSG00000126370.1	0	0	0	0
ENSMUSG00000122701.1	0	1	0	0
ENSMUSG00000046805.12	35	29	31	19
ENSMUSG00000039982.9	935	990	686	526
ENSMUSG00000086213.4	16032	15571	12385	11112
ENSMUSG00000114644.2	0	0	0	0
ENSMUSG00000024691.14	160	167	239	120
ENSMUSG00000084836.2	0	0	0	0
ENSMUSG00000120104.2	1	3	0	1
ENSMUSG00000071633.12	0	0	0	0
ENSMUSG00000063683.13	1	3	2	1
ENSMUSG00000065892.3	3	1	0	3
ENSMUSG00000044441.6	1	1	2	0
ENSMUSG00000045030.9	0	1	0	0
ENSMUSG00000109309.2	0	0	0	0
ENSMUSG00000024694.10	0	0	0	0
ENSMUSG00000084981.8	3	0	1	1
ENSMUSG00000079415.3	2	4	12	7
ENSMUSG00000118491.2	0	0	4	3
ENSMUSG00000024695.17	2018	2007	2512	2213
ENSMUSG00000024696.10	15	6	5	10
ENSMUSG00000091014.4	16366	16992	14913	12784
ENSMUSG00000046272.5	0	0	0	1
ENSMUSG00000045126.3	0	0	0	0
ENSMUSG00000057817.7	0	0	0	0
ENSMUSG00000060303.5	0	0	0	0
ENSMUSG00000121418.1	77	84	72	80
ENSMUSG00000112693.3	0	0	0	0
ENSMUSG00000048456.4	0	0	0	0
ENSMUSG00000049498.6	0	0	0	0
ENSMUSG00000062892.5	0	0	1	0
ENSMUSG00000136528.1	0	0	0	0
ENSMUSG00000046913.4	1	0	6	3
ENSMUSG00000109148.2	0	0	1	0
ENSMUSG00000094755.2	0	0	0	0
ENSMUSG00000094986.4	2	1	2	1
ENSMUSG00000109126.2	0	0	0	0
ENSMUSG00000067482.3	0	1	0	0
ENSMUSG00000061637.6	0	0	0	0
ENSMUSG00000062844.7	0	0	0	1
ENSMUSG00000057503.7	61	47	25	25
ENSMUSG00000109415.2	1	1	0	0
ENSMUSG00000045883.6	0	1	2	0
ENSMUSG00000094721.4	1	0	0	0
ENSMUSG00000096365.5	0	0	0	0
ENSMUSG00000109100.2	0	0	0	0
ENSMUSG00000119251.1	0	0	0	0
ENSMUSG00000062199.3	0	0	0	0
ENSMUSG00000096485.4	0	2	4	0
ENSMUSG00000049015.4	2	0	1	0
ENSMUSG00000109544.3	0	0	1	0
ENSMUSG00000108881.2	0	0	0	0
ENSMUSG00000063777.4	0	1	0	2
ENSMUSG00000109230.2	0	0	1	0
ENSMUSG00000096320.3	10	2	2	3
ENSMUSG00000095189.3	0	0	0	0
ENSMUSG00000109573.2	0	0	0	1
ENSMUSG00000096273.4	0	0	0	0
ENSMUSG00000096708.2	0	0	0	0
ENSMUSG00000109189.2	0	0	0	0
ENSMUSG00000071629.4	0	0	0	0
ENSMUSG00000109184.2	0	0	0	0
ENSMUSG00000108887.2	0	0	0	0
ENSMUSG00000118174.2	131	167	184	154
ENSMUSG00000095484.5	0	0	0	0
ENSMUSG00000108945.2	0	0	0	0
ENSMUSG00000109319.2	0	0	0	0
ENSMUSG00000108974.2	0	0	0	0
ENSMUSG00000096289.5	1	0	2	0
ENSMUSG00000109496.2	0	0	0	0
ENSMUSG00000109343.2	0	0	0	0
ENSMUSG00002075623.1	0	0	0	0
ENSMUSG00002076425.1	0	0	0	0
ENSMUSG00000094846.5	0	0	0	0
ENSMUSG00000109285.2	0	0	0	0
ENSMUSG00000045678.9	4	7	4	5
ENSMUSG00000077291.3	0	0	0	0
ENSMUSG00000061387.4	1	2	0	1
ENSMUSG00000051156.3	0	0	0	0
ENSMUSG00000109527.2	0	0	0	0
ENSMUSG00000109520.3	0	0	0	0
ENSMUSG00000050865.6	0	0	0	0
ENSMUSG00000123895.1	0	0	0	0
ENSMUSG00000047207.4	0	0	0	0
ENSMUSG00000048356.7	1	0	0	0
ENSMUSG00000044040.4	0	0	1	0
ENSMUSG00000109530.2	0	0	0	0
ENSMUSG00000045395.5	0	0	0	0
ENSMUSG00000054526.6	3	3	2	0
ENSMUSG00000057270.4	2	0	0	0
ENSMUSG00000056858.2	1	0	0	0
ENSMUSG00000058078.9	0	0	0	0
ENSMUSG00000059105.5	1	0	0	0
ENSMUSG00000062314.4	2	5	0	0
ENSMUSG00000141495.1	25	15	26	26
ENSMUSG00000140761.1	0	1	0	0
ENSMUSG00000098074.2	0	0	0	1
ENSMUSG00000123917.1	35	33	19	20
ENSMUSG00000124337.1	1	0	0	1
ENSMUSG00000024642.19	1023	1031	1174	996
ENSMUSG00000120068.2	0	3	1	0
ENSMUSG00000134458.1	0	0	0	0
ENSMUSG00000103488.2	0	0	0	0
ENSMUSG00002076668.1	0	0	0	0
ENSMUSG00000143406.1	108	102	165	101
ENSMUSG00000120901.2	0	0	0	0
ENSMUSG00000063586.2	11076	11631	9860	8777
ENSMUSG00000138184.1	0	0	0	0
ENSMUSG00000138221.1	0	0	0	1
ENSMUSG00000122900.1	0	0	0	0
ENSMUSG00000122943.1	0	0	0	0
ENSMUSG00000123670.1	0	1	0	0
ENSMUSG00000123709.1	2	5	1	1
ENSMUSG00000127122.1	19	22	15	8
ENSMUSG00000118757.1	0	1	0	0
ENSMUSG00000127158.1	0	0	0	0
ENSMUSG00000117995.2	0	0	0	2
ENSMUSG00000024640.10	1355	1449	2411	1516
ENSMUSG00000090147.2	0	0	1	0
ENSMUSG00000041491.9	176	200	209	146
ENSMUSG00000097557.5	7	6	4	8
ENSMUSG00000136577.1	0	0	0	0
ENSMUSG00000117711.2	8414	8112	6226	5630
ENSMUSG00000136652.1	9	11	7	6
ENSMUSG00000136686.1	2	4	0	0
ENSMUSG00000024639.6	2610	3005	2388	2707
ENSMUSG00000057990.5	20638	20532	14294	12159
ENSMUSG00000143322.1	2528	2440	2914	3072
ENSMUSG00000075268.3	2516	2534	3090	2982
ENSMUSG00000078528.3	448	500	570	459
ENSMUSG00000098718.3	0	0	0	0
ENSMUSG00000132030.1	24	22	24	39
ENSMUSG00000118142.2	389	349	281	209
ENSMUSG00000118033.2	67	47	33	33
ENSMUSG00000024697.5	812	699	41	94
ENSMUSG00000117699.2	274	253	187	178
ENSMUSG00000118023.2	6489	6984	5761	4808
ENSMUSG00000141332.1	0	1	0	0
ENSMUSG00000046230.12	1548	1382	1077	1084
ENSMUSG00000114931.2	21796	22350	18977	16556
ENSMUSG00000124951.1	2	0	0	0
ENSMUSG00000118126.3	2	2	2	2
ENSMUSG00000056829.5	0	1	4	4
ENSMUSG00000039126.11	55	38	8	8
ENSMUSG00002075332.1	0	0	0	0
ENSMUSG00002076046.1	0	1	0	0
ENSMUSG00000117941.3	1	0	1	2
ENSMUSG00000118367.3	2	1	1	0
ENSMUSG00000117946.2	0	0	0	1
ENSMUSG00000124138.1	0	0	0	0
ENSMUSG00000038843.19	336	219	724	413
ENSMUSG00000131147.1	0	1	0	0
ENSMUSG00000140364.1	2	2	7	4
ENSMUSG00000024712.10	2786	2570	5449	4185
ENSMUSG00000024713.17	139	116	78	91
ENSMUSG00000123797.1	0	1	0	0
ENSMUSG00000123837.1	1	0	0	0
ENSMUSG00000118270.2	2344	2379	2595	2115
ENSMUSG00000123878.1	0	0	0	0
ENSMUSG00000088370.3	0	0	0	0
ENSMUSG00000118079.3	0	0	0	0
ENSMUSG00000119544.2	0	1	0	0
ENSMUSG00000125102.1	0	0	0	0
ENSMUSG00000117822.2	123221	128304	105274	95541
ENSMUSG00002076798.1	10	4	2	7
ENSMUSG00000117687.3	0	0	0	0
ENSMUSG00000131502.1	0	0	0	0
ENSMUSG00000117774.2	0	2	0	0
ENSMUSG00000118192.2	0	0	0	0
ENSMUSG00000024725.14	948	1002	1095	997
ENSMUSG00000139900.1	1	3	3	1
ENSMUSG00000080783.2	920	1014	830	688
ENSMUSG00000037847.15	242	238	217	207
ENSMUSG00000130077.1	4	4	0	0
ENSMUSG00000024726.11	655	709	838	633
ENSMUSG00000047044.8	510	485	175	143
ENSMUSG00000135204.1	0	0	0	0
ENSMUSG00000117878.3	0	0	0	0
ENSMUSG00000064941.3	0	3	1	1
ENSMUSG00000137142.1	2	1	0	0
ENSMUSG00000024727.10	275	264	25	40
ENSMUSG00000128606.1	0	2	1	0
ENSMUSG00002075776.1	0	0	0	0
ENSMUSG00000125254.1	3	3	0	1
ENSMUSG00000036192.16	12	11	14	12
ENSMUSG00000117909.3	0	0	0	0
ENSMUSG00000088907.3	0	0	0	0
ENSMUSG00000118109.3	1	0	0	1
ENSMUSG00000141482.1	0	0	0	0
ENSMUSG00000118167.2	14	17	10	9
ENSMUSG00000118150.4	0	3	2	2
ENSMUSG00000064783.3	22	26	17	19
ENSMUSG00000118067.3	0	0	1	0
ENSMUSG00000139577.1	0	0	0	0
ENSMUSG00000094732.5	13	7	2	6
ENSMUSG00000024659.16	27321	27339	16504	21594
ENSMUSG00000114469.4	0	1	1	0
ENSMUSG00000053279.9	11	4	5	7
ENSMUSG00000047168.7	233	222	140	154
ENSMUSG00000024747.4	67	40	42	37
ENSMUSG00000130445.1	0	1	1	0
ENSMUSG00000024749.10	6	13	36	47
ENSMUSG00000118293.3	4	2	1	0
ENSMUSG00000131522.1	0	0	0	0
ENSMUSG00000128472.1	0	0	0	0
ENSMUSG00000132799.1	1	2	2	0
ENSMUSG00000118047.3	0	2	3	4
ENSMUSG00000118086.3	64	128	460	345
ENSMUSG00000143060.1	3	7	23	13
ENSMUSG00000118090.2	0	0	1	0
ENSMUSG00000118044.2	0	0	0	0
ENSMUSG00000024750.12	7969	9577	13591	12940
ENSMUSG00000118342.3	5	3	4	2
ENSMUSG00000136631.1	0	0	0	0
ENSMUSG00000058624.14	226	322	716	1029
ENSMUSG00000131415.1	0	0	1	0
ENSMUSG00000131374.1	0	0	0	0
ENSMUSG00000131340.1	0	0	0	0
ENSMUSG00000121859.2	0	1	2	0
ENSMUSG00000079382.5	0	0	0	0
ENSMUSG00000137053.1	1	0	1	1
ENSMUSG00000137016.1	4	9	5	6
ENSMUSG00000035171.10	361	394	250	235
ENSMUSG00000047368.5	698	832	988	871
ENSMUSG00000137088.1	8	11	7	6
ENSMUSG00000121016.2	5	2	2	5
ENSMUSG00000118055.2	0	0	0	0
ENSMUSG00000137131.1	6	10	4	4
ENSMUSG00000024754.14	4493	4478	3018	2597
ENSMUSG00000118021.2	6	4	0	0
ENSMUSG00000125275.1	1	0	0	0
ENSMUSG00000125360.1	4	2	3	2
ENSMUSG00000045104.10	1022	1398	828	794
ENSMUSG00000118237.3	1	0	1	0
ENSMUSG00000118273.3	9	10	6	8
ENSMUSG00000052387.17	22	19	21	11
ENSMUSG00000088558.3	0	0	0	0
ENSMUSG00000133751.1	7	8	7	9
ENSMUSG00000098739.3	0	2	0	0
ENSMUSG00000118353.2	2904	3097	2164	2049
ENSMUSG00000138390.1	0	0	0	0
ENSMUSG00000123015.1	0	0	0	0
ENSMUSG00000137772.1	0	1	0	0
ENSMUSG00000065507.5	0	0	0	0
ENSMUSG00000122593.1	0	0	0	0
ENSMUSG00000097930.5	13	12	20	14
ENSMUSG00000118155.4	2	3	5	2
ENSMUSG00000141826.1	0	5	2	2
ENSMUSG00000120380.2	1	1	0	0
ENSMUSG00000120011.2	0	0	0	0
ENSMUSG00000120551.2	24	17	42	34
ENSMUSG00000133852.1	0	0	0	0
ENSMUSG00000033863.3	5159	4433	6795	5980
ENSMUSG00000080626.3	3	2	3	1
ENSMUSG00000024943.10	1374	1226	949	837
ENSMUSG00000139401.1	0	0	0	0
ENSMUSG00000117837.3	7	2	1	2
ENSMUSG00000118919.1	0	0	1	0
ENSMUSG00000033207.8	3	11	7	12
ENSMUSG00000118092.2	0	1	0	0
ENSMUSG00000117850.2	17	28	18	14
ENSMUSG00000033053.5	0	0	0	0
ENSMUSG00000117944.2	1865	1983	1563	1426
ENSMUSG00000044424.5	14305	15339	12295	11091
ENSMUSG00000088027.3	0	0	0	0
ENSMUSG00000098010.2	0	0	0	0
ENSMUSG00000051255.7	1160	1205	802	685
ENSMUSG00000074925.5	928	823	645	658
ENSMUSG00000122564.1	2	2	1	0
ENSMUSG00000117685.2	0	0	0	0
ENSMUSG00000137612.1	5	1	4	6
ENSMUSG00000132407.1	0	0	0	0
ENSMUSG00000024897.10	15	15	9	6
ENSMUSG00000118287.2	27	24	25	14
ENSMUSG00000118340.3	0	0	3	1
ENSMUSG00000071604.6	42	54	993	1778
ENSMUSG00000132592.1	658	642	481	371
ENSMUSG00000117820.2	0	0	0	0
ENSMUSG00000137952.1	35	33	20	22
ENSMUSG00000096796.3	0	0	0	0
ENSMUSG00000138515.1	1	0	0	0
ENSMUSG00000024812.12	4865	6076	5600	5326
ENSMUSG00000118277.2	0	0	0	0
ENSMUSG00000134957.1	0	2	0	0
ENSMUSG00000118371.2	1	0	1	0
ENSMUSG00000134993.1	2	1	0	1
ENSMUSG00000059363.11	184	189	192	161
ENSMUSG00000082107.2	12303	12274	6335	5133
ENSMUSG00000024867.15	189	268	157	131
ENSMUSG00000085003.3	2	0	0	0
ENSMUSG00000074922.2	178	175	104	115
ENSMUSG00000124970.1	5	4	4	1
ENSMUSG00000117979.4	1	0	2	0
ENSMUSG00000048572.6	526	739	155	174
ENSMUSG00000120881.2	0	0	0	0
ENSMUSG00000041731.14	428	417	36	30
ENSMUSG00000097950.2	84	99	92	97
ENSMUSG00000117934.2	2093	2168	2024	1713
ENSMUSG00000139670.1	2	5	0	0
ENSMUSG00000137730.1	0	0	0	0
ENSMUSG00000058927.7	4482	4671	4444	3549
ENSMUSG00000125177.1	0	0	0	0
ENSMUSG00000051490.4	3	1	0	1
ENSMUSG00000125143.1	2	4	3	8
ENSMUSG00000024878.10	188	196	90	82
ENSMUSG00000119558.1	0	0	0	0
ENSMUSG00002075381.1	0	0	0	0
ENSMUSG00000135732.1	0	0	1	0
ENSMUSG00000143005.1	13	19	6	9
ENSMUSG00000052085.8	2603	2931	2853	3272
ENSMUSG00000120425.2	925	812	792	743
ENSMUSG00000120776.2	3	1	0	0
ENSMUSG00000129838.1	0	1	0	0
ENSMUSG00000065634.3	0	1	1	1
ENSMUSG00000032702.17	912	919	1451	1501
ENSMUSG00000118238.2	20868	21313	17538	15682
ENSMUSG00000064843.3	0	0	0	0
ENSMUSG00000122097.1	0	0	0	0
ENSMUSG00000117720.2	2548	2554	2072	1517
ENSMUSG00000024837.16	2	3	1	1
ENSMUSG00000128909.1	0	0	0	0
ENSMUSG00000042372.6	1	1	1	0
ENSMUSG00000137573.1	0	0	0	0
ENSMUSG00000101089.4	1	0	0	0
ENSMUSG00000048138.11	0	3	0	2
ENSMUSG00000098105.2	4832	5392	5733	5140
ENSMUSG00000129738.1	0	0	0	0
ENSMUSG00000125645.1	1	0	0	0
ENSMUSG00000125683.1	0	0	0	0
ENSMUSG00000118016.3	0	0	0	0
ENSMUSG00000138077.1	0	0	0	0
ENSMUSG00000117950.3	2	4	11	9
ENSMUSG00000128378.1	4	0	0	0
ENSMUSG00000084589.4	0	0	1	1
ENSMUSG00000118005.2	0	0	0	0
ENSMUSG00000117707.2	0	0	0	0
ENSMUSG00000118001.3	0	0	0	1
ENSMUSG00000123286.1	1	3	1	0
ENSMUSG00000123248.1	1	0	0	0
ENSMUSG00000123214.1	6	4	1	3
ENSMUSG00000117803.2	46	49	34	32
ENSMUSG00000114682.2	0	0	0	0
ENSMUSG00000024921.18	1471	1566	1683	1616
ENSMUSG00000123372.1	0	4	2	0
ENSMUSG00000093628.3	1	0	0	0
ENSMUSG00000143458.1	0	0	0	0
ENSMUSG00000143529.1	5	4	4	1
ENSMUSG00000143497.1	0	0	0	1
ENSMUSG00000093772.2	1	3	2	3
ENSMUSG00000118331.2	78	73	73	42
ENSMUSG00000133626.1	1	0	2	0
ENSMUSG00000133666.1	0	0	0	0
ENSMUSG00000074913.4	0	0	0	0
ENSMUSG00000138138.1	0	0	0	0
ENSMUSG00000127521.1	0	0	0	0
ENSMUSG00000118313.2	0	0	0	0
ENSMUSG00000137160.1	0	0	0	0
ENSMUSG00000117692.4	4	6	2	3
ENSMUSG00000137082.1	8	11	8	5
ENSMUSG00000024924.15	256	245	307	211
ENSMUSG00000120513.2	0	2	2	3
ENSMUSG00000047298.4	0	1	1	0
ENSMUSG00000137118.1	3	3	1	0
ENSMUSG00000117752.3	1	2	2	5
ENSMUSG00000117705.2	0	0	1	0
ENSMUSG00000041360.9	1455	1347	1118	805
ENSMUSG00000143855.1	0	0	0	0
ENSMUSG00000118072.2	0	0	0	0
ENSMUSG00000143605.1	0	0	0	0
ENSMUSG00000124617.1	0	2	0	1
ENSMUSG00000088266.3	7	5	2	7
ENSMUSG00000124209.1	0	0	1	1
ENSMUSG00000040929.18	469	495	191	229
ENSMUSG00000092617.2	720	732	631	563
ENSMUSG00000134887.1	0	0	1	0
ENSMUSG00000092182.2	0	1	0	2
ENSMUSG00000129926.1	0	1	5	0
ENSMUSG00000134723.1	2	2	3	2
ENSMUSG00000134682.1	0	2	0	0
ENSMUSG00000134605.1	0	0	0	0
ENSMUSG00000117788.2	7648	8014	5639	4952
ENSMUSG00000101084.2	0	0	0	0
ENSMUSG00000141088.1	693	679	634	579
ENSMUSG00000117862.2	0	0	0	0
ENSMUSG00000052942.14	482	448	135	199
ENSMUSG00000135552.1	1	4	4	3
ENSMUSG00000089952.3	1	1	3	1
ENSMUSG00000134215.1	0	0	0	0
ENSMUSG00000097735.8	7	9	6	11
ENSMUSG00000124609.1	0	0	0	0
ENSMUSG00000124649.1	0	0	0	0
ENSMUSG00000067351.2	18573	18270	15056	13131
ENSMUSG00000139062.1	4	0	2	1
ENSMUSG00000090737.2	2302	2160	1075	885
ENSMUSG00000098069.2	0	0	0	0
ENSMUSG00000139105.1	9	16	13	7
ENSMUSG00000024935.12	1505	1185	1268	1188
ENSMUSG00000089993.2	49667	53272	41568	38203
ENSMUSG00000064202.17	17	16	19	15
ENSMUSG00000040105.4	432	511	554	476
ENSMUSG00000133850.1	1	2	0	3
ENSMUSG00000118165.2	374	419	43	31
ENSMUSG00000139864.1	1	2	2	0
ENSMUSG00000121935.1	0	0	0	0
ENSMUSG00000123630.1	1	1	2	0
ENSMUSG00000024780.8	954	931	915	844
ENSMUSG00000063754.8	25638	25680	17523	15610
ENSMUSG00000024782.8	2058	1908	2567	2824
ENSMUSG00000100075.3	22	15	31	24
ENSMUSG00000135073.1	0	1	3	3
ENSMUSG00000136893.1	0	0	0	0
ENSMUSG00000118038.4	29	27	42	26
ENSMUSG00000118320.2	1	0	0	0
ENSMUSG00000120326.2	0	0	0	0
ENSMUSG00000024785.8	801	778	813	680
ENSMUSG00000065556.3	0	0	0	0
ENSMUSG00000123125.1	2	1	0	1
ENSMUSG00000068466.7	4209	3967	2604	1825
ENSMUSG00000143383.1	17	22	6	8
ENSMUSG00000024789.14	2246	2905	1318	1328
ENSMUSG00000126803.1	3	2	0	0
ENSMUSG00000050957.5	82	106	90	79
ENSMUSG00000039097.6	4	6	2	2
ENSMUSG00000016495.13	458	444	511	496
ENSMUSG00000016496.8	62	53	6	8
ENSMUSG00000117964.3	6	8	1	1
ENSMUSG00000016498.11	0	1	0	0
ENSMUSG00000140573.1	0	1	0	0
ENSMUSG00000097855.11	59	69	42	61
ENSMUSG00000140615.1	0	0	2	1
ENSMUSG00000038658.16	1123	1309	1240	1105
ENSMUSG00000046324.13	2506	2392	1412	1196
ENSMUSG00000140137.1	4	5	3	2
ENSMUSG00000024806.5	0	0	3	0
ENSMUSG00000046138.16	963	1156	934	892
ENSMUSG00000118251.3	0	0	0	0
ENSMUSG00000074909.6	569	520	360	265
ENSMUSG00000140069.1	9	10	5	2
ENSMUSG00000117883.2	0	0	0	0
ENSMUSG00000140147.1	0	0	0	0
ENSMUSG00000140104.1	0	0	0	0
ENSMUSG00000024810.17	951	1996	6	7
ENSMUSG00000087937.3	0	0	0	0
ENSMUSG00000141594.1	0	0	0	1
ENSMUSG00000141555.1	0	0	0	0
ENSMUSG00000024815.6	2	0	1	0
ENSMUSG00000120593.2	12	16	15	11
ENSMUSG00000024817.14	1764	1876	1574	1434
ENSMUSG00000024827.11	22	29	2248	2997
ENSMUSG00000058607.5	14909	16045	12445	11235
ENSMUSG00000120075.2	0	0	0	1
ENSMUSG00000024863.7	0	0	0	0
ENSMUSG00002075891.1	1	0	0	0
ENSMUSG00002075253.1	1	0	0	1
ENSMUSG00000126944.1	0	0	0	0
ENSMUSG00000118374.2	0	0	0	0
ENSMUSG00000117953.2	11530	11957	9637	8631
ENSMUSG00000058816.6	3590	3967	2199	1839
ENSMUSG00000122604.1	69	124	70	30
ENSMUSG00000024868.9	4	4	5	3
ENSMUSG00000052920.17	327	438	492	361
ENSMUSG00002076671.1	0	0	0	0
ENSMUSG00000143219.1	0	0	0	0
ENSMUSG00000137949.1	0	0	0	0
ENSMUSG00000053536.8	902	836	713	643
ENSMUSG00000143145.1	4	16	5	4
ENSMUSG00000118011.2	23	29	26	15
ENSMUSG00000124483.1	2	0	0	0
ENSMUSG00000131288.1	0	0	0	0
ENSMUSG00000052595.9	0	0	0	0
ENSMUSG00000114443.2	2156	2054	1470	1210
ENSMUSG00000133961.1	0	0	0	0
ENSMUSG00000118366.2	1	1	0	0
ENSMUSG00000024887.11	454	406	138	243
ENSMUSG00000128510.1	12	3	1	1
ENSMUSG00000128631.1	3	1	1	0
ENSMUSG00000040451.19	3959	5061	1803	1798
ENSMUSG00000118064.2	3	10	6	3
ENSMUSG00000128554.1	1	4	1	4
ENSMUSG00000097787.5	37	43	19	22
ENSMUSG00000118355.2	0	0	0	0
ENSMUSG00000118329.2	59	59	63	53
ENSMUSG00000062456.5	30357	30708	23351	20323
ENSMUSG00000127819.1	0	2	3	1
ENSMUSG00000024896.10	456	419	475	437
ENSMUSG00000118106.2	15	11	30	16
ENSMUSG00000136818.1	1	1	1	1
ENSMUSG00000136787.1	4	5	1	3
ENSMUSG00000118168.4	0	0	0	2
ENSMUSG00000024899.8	169	157	372	204
ENSMUSG00000013662.7	2313	2151	1553	1301
ENSMUSG00000120470.2	7	7	4	9
ENSMUSG00000119982.2	19	19	18	16
ENSMUSG00000120203.2	1	0	0	0
ENSMUSG00000013663.9	2029	2153	2660	2459
ENSMUSG00000121574.1	0	0	0	0
ENSMUSG00000121573.1	0	0	0	0
ENSMUSG00000139658.1	3	0	2	2
ENSMUSG00000134987.1	4	0	3	4
ENSMUSG00000135025.1	1	0	0	0
ENSMUSG00000120097.2	23	34	27	17
ENSMUSG00000123958.1	2	3	0	1
ENSMUSG00000117664.3	0	0	2	1
ENSMUSG00002074891.1	0	1	0	0
ENSMUSG00000123885.1	1	2	3	1
ENSMUSG00000123843.1	0	0	0	0
ENSMUSG00000118196.3	2	0	0	1
ENSMUSG00000071573.16	14	21	12	18
ENSMUSG00000106278.3	0	0	0	0
ENSMUSG00000120362.2	16	25	6	11
ENSMUSG00000087112.2	0	0	1	0
ENSMUSG00000118289.2	15	13	9	5
ENSMUSG00000086875.3	0	0	0	0
ENSMUSG00000079344.12	2	1	0	3
ENSMUSG00000118121.2	99	108	87	93
ENSMUSG00000024766.16	5	7	0	2
ENSMUSG00000118513.2	0	0	0	0
ENSMUSG00002075994.1	0	0	0	0
ENSMUSG00000086812.3	0	0	0	0
ENSMUSG00000118360.2	44	60	36	39
ENSMUSG00000117667.2	172	183	157	139
ENSMUSG00000085924.2	0	0	0	0
ENSMUSG00000087303.4	4	5	3	7
ENSMUSG00000079342.12	0	0	0	0
ENSMUSG00000037603.8	13	34	28	20
ENSMUSG00000085934.2	0	0	0	0
ENSMUSG00000117821.2	0	0	0	0
ENSMUSG00000135525.1	2	2	1	1
ENSMUSG00000065380.3	53	34	46	38
ENSMUSG00000024768.6	0	0	0	0
ENSMUSG00000123607.1	1	0	0	0
ENSMUSG00000024771.8	12	11	1	0
ENSMUSG00000124326.1	7	4	3	1
ENSMUSG00000118302.2	281	270	270	204
ENSMUSG00000024770.15	0	0	0	1
ENSMUSG00002075813.1	0	0	1	0
ENSMUSG00000056078.7	123	152	64	66
ENSMUSG00000024774.17	32	46	956	804
ENSMUSG00000137232.1	0	1	1	1
ENSMUSG00000024776.19	315	318	941	806
ENSMUSG00000128352.1	4	1	8	5
ENSMUSG00000035783.10	18927	25573	19553	20783
ENSMUSG00000123456.1	96	109	66	82
ENSMUSG00000118066.2	45	40	29	20
ENSMUSG00000024778.14	235	218	330	280
ENSMUSG00002075250.1	0	2	0	0
ENSMUSG00000139060.1	3	5	4	3
ENSMUSG00002076079.1	0	0	0	0
ENSMUSG00000050370.6	24	32	10	6
ENSMUSG00000097558.3	2	1	3	2
ENSMUSG00000024781.17	3588	4475	15049	16663
ENSMUSG00000123338.1	1	1	2	3
ENSMUSG00000118048.2	2	0	3	1
ENSMUSG00000045932.13	79	52	69	37
ENSMUSG00000074896.4	5	5	7	7
ENSMUSG00000079339.8	1	0	5	4
ENSMUSG00000062488.10	1	1	1	6
ENSMUSG00000067297.6	4	8	7	7
ENSMUSG00000118260.2	200	234	28	87
ENSMUSG00000141302.1	1	0	1	1
ENSMUSG00000034459.9	53	55	28	24
ENSMUSG00000009378.5	51	55	1868	1491
ENSMUSG00000118098.2	0	0	2	2
ENSMUSG00002074940.1	0	0	0	0
ENSMUSG00000118083.2	0	0	0	0
ENSMUSG00000129959.1	0	0	2	2
ENSMUSG00000088212.3	0	0	0	0
ENSMUSG00000117945.2	0	0	0	0
ENSMUSG00000138216.1	0	0	0	0
ENSMUSG00000033610.17	154	144	227	173
ENSMUSG00000065594.3	0	0	0	0
ENSMUSG00000136779.1	0	0	0	0
ENSMUSG00000136321.1	0	0	0	0
ENSMUSG00000024795.12	204	178	133	90
ENSMUSG00000089151.3	0	0	0	0
ENSMUSG00000133643.1	0	0	0	0
ENSMUSG00000101966.3	1345	1232	1173	911
ENSMUSG00000117865.2	0	0	0	0
ENSMUSG00000134034.1	0	0	0	0
ENSMUSG00000117973.2	1	1	0	0
ENSMUSG00000143089.1	0	0	0	1
ENSMUSG00000089087.3	0	0	0	0
ENSMUSG00002075816.1	0	0	0	0
ENSMUSG00000118212.3	4	6	3	6
ENSMUSG00002076303.1	0	0	0	0
ENSMUSG00000077205.3	0	0	0	0
ENSMUSG00000094707.5	1	0	0	0
ENSMUSG00000024798.16	1	2	0	0
ENSMUSG00000024800.9	262	228	149	131
ENSMUSG00000140434.1	1	1	1	2
ENSMUSG00000024803.10	12	30	6	17
ENSMUSG00000120701.2	1	1	0	1
ENSMUSG00000123335.1	3	0	0	2
ENSMUSG00000117990.4	17	13	8	9
ENSMUSG00000118032.3	3	5	0	2
ENSMUSG00000114859.2	0	3	0	0
ENSMUSG00000024805.17	655	737	494	444
ENSMUSG00000114285.2	12	14	3	10
ENSMUSG00002076963.1	0	1	0	0
ENSMUSG00000114409.2	1037	1242	1146	1079
ENSMUSG00000114235.2	11	17	14	9
ENSMUSG00000127547.1	13	11	8	10
ENSMUSG00000087579.10	49	44	41	46
ENSMUSG00000041180.14	137	155	40	19
ENSMUSG00000124095.1	18	15	16	15
ENSMUSG00000124140.1	0	0	0	0
ENSMUSG00000067279.4	8	10	1	2
ENSMUSG00000120860.2	1	6	0	3
ENSMUSG00000141249.1	0	0	0	0
ENSMUSG00000117938.2	15	8	10	4
ENSMUSG00000139114.1	6	3	2	3
ENSMUSG00000024811.13	6203	6632	4993	4542
ENSMUSG00000047632.12	28	31	12	12
ENSMUSG00000137005.1	0	2	0	0
ENSMUSG00000040565.9	2376	2718	2520	2344
ENSMUSG00000039652.17	291	276	393	394
ENSMUSG00002075338.1	0	0	0	0
ENSMUSG00000127133.1	0	0	0	0
ENSMUSG00000097591.2	10	12	4	10
ENSMUSG00002075087.1	0	0	0	0
ENSMUSG00000023307.15	1739	1755	1478	1293
ENSMUSG00000127096.1	18	19	19	17
ENSMUSG00000089143.4	0	0	0	0
ENSMUSG00000120174.2	16	24	5	8
ENSMUSG00000131195.1	0	1	0	0
ENSMUSG00000056999.17	2595	2298	1685	1205
ENSMUSG00000080885.2	39985	35820	33958	29207
ENSMUSG00000121027.2	3	7	2	1
ENSMUSG00000012443.5	467	514	344	232
ENSMUSG00000117988.2	1	4	3	2
ENSMUSG00000118211.2	12004	12067	9893	8714
ENSMUSG00000102353.2	3	1	0	1
ENSMUSG00000024986.13	8	20	3	2
ENSMUSG00000140228.1	2	0	0	1
ENSMUSG00000140265.1	0	0	0	0
ENSMUSG00002075640.1	0	0	0	0
ENSMUSG00000117800.3	8	10	16	13
ENSMUSG00000136300.1	0	0	0	0
ENSMUSG00000053799.9	437	394	258	215
ENSMUSG00000136226.1	0	2	0	1
ENSMUSG00000136264.1	3	5	2	0
ENSMUSG00000120139.2	0	1	2	1
ENSMUSG00000062432.5	0	0	1	0
ENSMUSG00000024987.7	0	1	4	0
ENSMUSG00000117989.2	0	2	2	0
ENSMUSG00000117939.2	2138	2286	2128	1942
ENSMUSG00000138995.1	88	100	107	89
ENSMUSG00000118115.2	774	1000	877	796
ENSMUSG00000048612.17	2654	2620	1887	1657
ENSMUSG00000122025.1	10	14	14	13
ENSMUSG00000069554.5	6	6	10	6
ENSMUSG00000024989.16	229	262	204	127
ENSMUSG00000064646.3	5	4	3	5
ENSMUSG00000054200.8	23	30	7	1
ENSMUSG00000024990.14	2	6	1	1
ENSMUSG00000124356.1	6	7	3	3
ENSMUSG00000024992.14	4	2	0	0
ENSMUSG00000054237.7	104	81	32	15
ENSMUSG00000123562.1	0	0	0	0
ENSMUSG00000126757.1	0	1	0	0
ENSMUSG00000140427.1	16	14	4	14
ENSMUSG00000140487.1	1	0	0	0
ENSMUSG00000140463.1	2	1	0	0
ENSMUSG00000067242.12	32	54	42	44
ENSMUSG00000118242.2	0	0	0	0
ENSMUSG00000105709.2	0	2	0	0
ENSMUSG00000126462.1	0	0	0	1
ENSMUSG00000138800.1	2	0	3	2
ENSMUSG00000118381.2	4239	4570	3276	2656
ENSMUSG00000120254.2	0	0	0	0
ENSMUSG00000123333.1	4734	3661	362	312
ENSMUSG00000123293.1	124	134	109	95
ENSMUSG00000117920.2	24	25	19	17
ENSMUSG00000118335.2	65	89	65	76
ENSMUSG00000044026.4	373	321	232	146
ENSMUSG00000126668.1	0	0	0	0
ENSMUSG00000141744.1	7	11	12	10
ENSMUSG00002075727.1	0	0	0	0
ENSMUSG00000024998.18	1545	1359	829	675
ENSMUSG00000117935.2	1906	2245	2381	2136
ENSMUSG00000101079.2	0	0	1	0
ENSMUSG00000024999.8	853	795	589	477
ENSMUSG00000048720.9	223	236	264	303
ENSMUSG00000123458.1	189	252	415	261
ENSMUSG00002075032.1	0	0	0	0
ENSMUSG00000142917.1	0	1	0	0
ENSMUSG00000025001.12	939	872	859	352
ENSMUSG00000114610.2	0	1	1	0
ENSMUSG00000123558.1	0	0	3	3
ENSMUSG00000025002.6	0	0	2	0
ENSMUSG00002075482.1	0	0	0	0
ENSMUSG00000067231.5	1	0	0	0
ENSMUSG00000067229.4	0	1	0	0
ENSMUSG00000121373.2	0	0	0	0
ENSMUSG00000093610.9	0	0	0	0
ENSMUSG00000003053.18	1	0	0	0
ENSMUSG00000118146.2	0	0	1	1
ENSMUSG00000032808.3	0	0	0	0
ENSMUSG00000025003.7	0	0	0	0
ENSMUSG00000062624.6	0	0	0	0
ENSMUSG00000074882.4	0	0	0	0
ENSMUSG00000025004.17	0	1	0	0
ENSMUSG00000142253.1	0	1	0	2
ENSMUSG00000092008.3	0	0	0	0
ENSMUSG00000117738.2	0	0	1	0
ENSMUSG00000042248.5	0	0	0	0
ENSMUSG00000067225.3	0	0	0	0
ENSMUSG00000054827.13	2	0	0	0
ENSMUSG00000060613.11	1	2	16	2
ENSMUSG00000117785.2	1263	1149	872	646
ENSMUSG00000098091.2	14371	16020	17618	15442
ENSMUSG00000055044.13	2908	3144	2661	2501
ENSMUSG00000130920.1	30	16	17	20
ENSMUSG00000130888.1	59	62	42	35
ENSMUSG00000117793.2	0	0	0	0
ENSMUSG00000142026.1	9	9	8	4
ENSMUSG00000025006.19	142	160	228	365
ENSMUSG00000114796.3	0	0	0	2
ENSMUSG00000142194.1	0	0	0	4
ENSMUSG00000142151.1	0	0	0	0
ENSMUSG00000142111.1	1	1	1	4
ENSMUSG00000122384.1	3	5	4	3
ENSMUSG00000025007.14	690	708	1643	1202
ENSMUSG00000096592.2	12	2	4	0
ENSMUSG00000097792.4	35	40	39	15
ENSMUSG00000025008.16	244	281	233	239
ENSMUSG00000048120.17	881	999	319	508
ENSMUSG00000090041.2	39	62	50	25
ENSMUSG00000094388.2	2	1	1	0
ENSMUSG00000127567.1	11	9	9	7
ENSMUSG00000117952.2	0	0	0	0
ENSMUSG00000127651.1	0	0	0	0
ENSMUSG00000127607.1	2	2	0	0
ENSMUSG00000120685.2	2	4	2	1
ENSMUSG00000108929.3	8	5	1	2
ENSMUSG00000130508.1	1	0	0	0
ENSMUSG00000121055.2	0	0	0	0
ENSMUSG00000025010.15	167	179	176	156
ENSMUSG00000097740.4	3	3	2	2
ENSMUSG00000120438.2	7	5	3	5
ENSMUSG00000099118.3	0	0	0	0
ENSMUSG00000049164.8	417	480	198	144
ENSMUSG00000061132.14	47	78	142	82
ENSMUSG00000133387.1	2	3	7	5
ENSMUSG00000133352.1	2	2	2	3
ENSMUSG00000025014.14	0	3	0	0
ENSMUSG00000133421.1	6	12	10	11
ENSMUSG00000050121.10	0	3	0	1
ENSMUSG00000025013.16	4	2	1	2
ENSMUSG00000131241.1	0	0	0	0
ENSMUSG00000025016.12	10188	10235	9246	8529
ENSMUSG00000138379.1	31	50	24	37
ENSMUSG00000025017.11	534	634	1042	442
ENSMUSG00000134139.1	0	2	2	1
ENSMUSG00000128885.1	2	1	0	3
ENSMUSG00000044065.4	0	0	0	0
ENSMUSG00000133755.1	2	5	6	8
ENSMUSG00000120900.1	0	0	0	0
ENSMUSG00000025019.18	582	673	849	707
ENSMUSG00000128422.1	4144	4351	3992	3650
ENSMUSG00000128345.1	949	1144	964	876
ENSMUSG00000098286.3	10	4	3	3
ENSMUSG00000025020.12	4	8	6	6
ENSMUSG00000135085.1	0	0	0	0
ENSMUSG00002075271.1	0	0	0	0
ENSMUSG00000025154.16	112	143	124	56
ENSMUSG00000133862.1	1	1	0	0
ENSMUSG00000067199.5	50	96	129	100
ENSMUSG00000047604.4	688	1127	2370	2187
ENSMUSG00000035049.5	2243	2393	2501	2089
ENSMUSG00000140202.1	14	10	17	20
ENSMUSG00000117675.2	10170	9990	6851	6333
ENSMUSG00000141453.1	4	2	3	1
ENSMUSG00000011752.8	3707	3682	3720	3256
ENSMUSG00000034321.15	336	337	246	170
ENSMUSG00000025157.9	404	476	301	221
ENSMUSG00000025159.9	1289	1353	1362	1288
ENSMUSG00000089102.3	0	0	0	0
ENSMUSG00000025171.3	521	810	1432	1392
ENSMUSG00000025172.4	7	4	12	7
ENSMUSG00000025176.15	81	120	445	487
ENSMUSG00000090369.4	4	13	21	24
ENSMUSG00000049670.10	222	249	74	82
ENSMUSG00000132115.1	1	4	0	1
ENSMUSG00000025178.10	2493	2997	3082	2819
ENSMUSG00000018821.4	473	482	233	201
ENSMUSG00000044345.10	294	308	918	995
ENSMUSG00000117856.2	15899	17019	14842	13198
ENSMUSG00000141357.1	0	3	1	1
ENSMUSG00000018820.14	1483	1769	1304	1488
ENSMUSG00000018822.8	22	22	5	11
ENSMUSG00000138402.1	2	1	3	2
ENSMUSG00000042532.15	5	16	4	2
ENSMUSG00000042401.9	0	0	1	0
ENSMUSG00002075478.1	0	0	0	0
ENSMUSG00000128831.1	0	0	0	0
ENSMUSG00000093234.3	0	0	0	0
ENSMUSG00000128992.1	0	0	0	0
ENSMUSG00000117706.2	13	16	14	18
ENSMUSG00000128916.1	0	0	0	0
ENSMUSG00000117728.2	0	2	0	1
ENSMUSG00000128873.1	0	0	0	0
ENSMUSG00000128950.1	0	0	0	0
ENSMUSG00000143666.1	0	0	0	0
ENSMUSG00000090117.9	10	12	14	21
ENSMUSG00000123728.1	1	2	3	0
ENSMUSG00000025184.11	686	815	619	742
ENSMUSG00000025185.15	38	29	7	5
ENSMUSG00000124823.1	0	0	0	0
ENSMUSG00000139407.1	0	0	0	0
ENSMUSG00000077768.3	0	0	0	0
ENSMUSG00000126180.1	0	1	0	0
ENSMUSG00000132234.1	10	16	10	11
ENSMUSG00000132271.1	0	0	0	0
ENSMUSG00000060224.5	801	1273	851	828
ENSMUSG00000118354.3	15	12	13	10
ENSMUSG00000025188.16	492	582	376	410
ENSMUSG00000090235.3	19	22	6	13
ENSMUSG00000074852.5	0	1	30	72
ENSMUSG00000122795.1	0	1	0	0
ENSMUSG00000130745.1	0	0	1	0
ENSMUSG00002074881.1	0	0	0	0
ENSMUSG00000117880.2	0	1	0	0
ENSMUSG00000117682.2	349	368	551	393
ENSMUSG00000047509.2	311	294	199	181
ENSMUSG00000139557.1	0	0	0	0
ENSMUSG00000114742.3	0	0	0	0
ENSMUSG00000025189.10	3	3	10	10
ENSMUSG00000114721.3	0	0	0	1
ENSMUSG00000025190.14	1665	2311	8691	9554
ENSMUSG00000118221.3	1	0	0	0
ENSMUSG00000118308.2	504	486	553	450
ENSMUSG00000092250.3	1	0	1	0
ENSMUSG00000044220.14	1	0	0	0
ENSMUSG00000118236.3	24	13	4	4
ENSMUSG00000128786.1	0	0	0	0
ENSMUSG00002074883.1	0	0	0	0
ENSMUSG00000040414.9	961	986	698	632
ENSMUSG00000117698.4	16	11	9	19
ENSMUSG00000025192.14	210	214	96	85
ENSMUSG00000127477.1	3	3	0	0
ENSMUSG00000040018.10	393	461	377	352
ENSMUSG00000025193.15	64	91	68	73
ENSMUSG00000025194.6	5	11	7	5
ENSMUSG00000138118.1	1	0	1	1
ENSMUSG00000025195.10	2037	2757	1497	1268
ENSMUSG00000088490.3	0	2	3	2
ENSMUSG00000131413.1	1	1	1	3
ENSMUSG00000118000.3	9	3	8	3
ENSMUSG00002075235.1	0	2	0	1
ENSMUSG00000025196.5	2	7	3	3
ENSMUSG00000143710.1	0	0	0	0
ENSMUSG00000025197.10	0	5	0	0
ENSMUSG00000143751.1	3	5	2	0
ENSMUSG00000025198.17	1193	1327	1387	1230
ENSMUSG00000125946.1	52	29	46	48
ENSMUSG00000025199.17	1573	1687	1755	1615
ENSMUSG00000140371.1	0	0	2	3
ENSMUSG00000025200.8	258	228	233	194
ENSMUSG00000077391.3	1	1	2	1
ENSMUSG00000057506.6	581	642	557	553
ENSMUSG00000037578.5	4	15	36	34
ENSMUSG00000117900.3	10	14	16	7
ENSMUSG00000025202.9	40	41	72	68
ENSMUSG00000131171.1	0	0	0	0
ENSMUSG00000118217.2	1	1	0	0
ENSMUSG00000131199.1	0	0	0	0
ENSMUSG00000121809.2	1	1	1	1
ENSMUSG00000117958.3	0	0	0	0
ENSMUSG00000025203.7	2906	2933	1535	826
ENSMUSG00000093315.3	0	0	0	0
ENSMUSG00000131809.1	0	0	1	0
ENSMUSG00000117957.3	3	1	2	1
ENSMUSG00000050195.9	23	26	44	98
ENSMUSG00000123874.1	1	0	0	0
ENSMUSG00000137281.1	2	4	3	3
ENSMUSG00000037071.4	8642	9302	45227	44233
ENSMUSG00000135799.1	3	4	3	8
ENSMUSG00000118076.3	10	17	21	15
ENSMUSG00000135708.1	0	0	1	0
ENSMUSG00000117796.3	3	6	7	8
ENSMUSG00000141542.1	0	0	0	0
ENSMUSG00000036961.6	6	0	3	0
ENSMUSG00000051984.14	207	320	284	296
ENSMUSG00000091471.3	0	0	0	0
ENSMUSG00000025204.11	594	553	699	551
ENSMUSG00000036450.5	1527	1696	1142	947
ENSMUSG00000117911.3	3	0	0	0
ENSMUSG00000123809.1	2	2	3	1
ENSMUSG00000097683.5	17	16	7	12
ENSMUSG00000117823.3	7	8	4	5
ENSMUSG00000004231.17	11	18	15	13
ENSMUSG00000092469.2	0	0	0	0
ENSMUSG00000098952.3	0	0	0	0
ENSMUSG00000092369.3	0	0	0	0
ENSMUSG00000117967.2	973	1027	2354	1742
ENSMUSG00000143324.1	1	1	0	0
ENSMUSG00000036097.10	850	879	707	533
ENSMUSG00000118204.3	5	1	2	2
ENSMUSG00000065159.3	0	0	0	0
ENSMUSG00000134681.1	0	0	0	0
ENSMUSG00000025207.17	86	176	426	374
ENSMUSG00000025208.10	256	314	336	310
ENSMUSG00000025209.6	666	838	363	331
ENSMUSG00000035342.15	1991	2413	2845	2505
ENSMUSG00000130913.1	19	32	21	20
ENSMUSG00000130941.1	18	17	14	18
ENSMUSG00000074818.14	133	170	223	151
ENSMUSG00000124799.1	17	14	16	26
ENSMUSG00000025212.18	1066	1399	1308	1345
ENSMUSG00000126585.1	0	1	0	1
ENSMUSG00000117848.4	5	4	0	2
ENSMUSG00000120787.2	11	8	1	3
ENSMUSG00000025213.12	30	23	17	19
ENSMUSG00000126613.1	0	0	0	1
ENSMUSG00000025215.11	0	1	0	1
ENSMUSG00000092346.3	1	0	0	1
ENSMUSG00000141686.1	0	0	1	1
ENSMUSG00000025216.10	0	4	2	2
ENSMUSG00000137576.1	3	7	3	2
ENSMUSG00000100417.5	31	22	25	15
ENSMUSG00000114673.3	4	4	5	3
ENSMUSG00000102057.2	0	0	0	0
ENSMUSG00000025217.16	406	411	177	203
ENSMUSG00000125449.1	0	0	0	0
ENSMUSG00000057605.5	22852	22802	18872	16109
ENSMUSG00000120608.2	28	26	164	161
ENSMUSG00000141034.1	0	3	3	6
ENSMUSG00000025218.7	194	197	175	144
ENSMUSG00000041035.10	282	313	253	216
ENSMUSG00000040913.12	437	561	430	388
ENSMUSG00000140995.1	1	2	2	3
ENSMUSG00000135394.1	3	2	2	2
ENSMUSG00000122423.1	1	7	3	0
ENSMUSG00000025219.14	2	3	1	0
ENSMUSG00000134075.1	0	0	0	0
ENSMUSG00000056209.8	1383	1530	1198	939
ENSMUSG00000087367.4	4	7	7	7
ENSMUSG00000025220.9	3839	4592	4317	4322
ENSMUSG00000025221.17	8	12	3	5
ENSMUSG00000039901.11	415	466	469	414
ENSMUSG00000117956.3	1	1	1	0
ENSMUSG00000117972.2	13175	12264	9394	8428
ENSMUSG00000097690.4	4	3	9	8
ENSMUSG00000142546.1	10	8	8	5
ENSMUSG00000074811.4	157	166	71	97
ENSMUSG00000025223.16	3845	4206	3279	3482
ENSMUSG00000055491.15	4111	4099	3642	3607
ENSMUSG00000015176.12	3161	2934	3292	2318
ENSMUSG00000117703.2	0	0	0	0
ENSMUSG00000038754.6	1	0	0	1
ENSMUSG00000025229.16	1	0	3	1
ENSMUSG00000135940.1	0	0	1	0
ENSMUSG00000025224.17	1466	1745	2281	1807
ENSMUSG00000093525.2	669	745	558	515
ENSMUSG00000086816.3	2	2	4	2
ENSMUSG00000118087.4	382	370	388	284
ENSMUSG00000025225.16	9059	9345	7818	5915
ENSMUSG00000037126.17	2223	2345	2002	1723
ENSMUSG00000132364.1	2	5	3	1
ENSMUSG00000025226.12	59	76	72	52
ENSMUSG00000036748.17	529	595	252	259
ENSMUSG00000132322.1	3	2	14	13
ENSMUSG00000025227.15	134	169	165	160
ENSMUSG00000070127.4	0	0	0	4
ENSMUSG00000099655.3	12	25	18	8
ENSMUSG00000065204.3	2	2	3	5
ENSMUSG00000130511.1	0	0	0	0
ENSMUSG00000025228.6	2507	2615	2528	2372
ENSMUSG00000132333.1	4	5	7	3
ENSMUSG00000025231.18	573	706	595	483
ENSMUSG00000136376.1	0	2	0	0
ENSMUSG00000119991.2	7	6	10	9
ENSMUSG00000025034.10	1331	1817	2572	2048
ENSMUSG00000130831.1	3	3	9	4
ENSMUSG00000025035.10	260	281	154	179
ENSMUSG00000129027.1	0	0	1	0
ENSMUSG00000025036.8	103	94	166	97
ENSMUSG00000047731.18	1430	1628	1293	1285
ENSMUSG00000140044.1	12	3	1	5
ENSMUSG00000118040.3	0	2	1	2
ENSMUSG00000003555.9	2	3	0	0
ENSMUSG00000143906.1	0	1	1	0
ENSMUSG00000097937.2	14	20	17	16
ENSMUSG00000120748.2	6	2	4	3
ENSMUSG00000062376.8	214	239	142	132
ENSMUSG00000141773.1	0	0	0	0
ENSMUSG00000003559.9	312	290	125	108
ENSMUSG00000135170.1	3	5	1	1
ENSMUSG00000135216.1	0	1	1	0
ENSMUSG00000064105.14	417	483	330	443
ENSMUSG00000117814.2	100	102	63	83
ENSMUSG00000025041.18	1104	1173	698	605
ENSMUSG00000034336.4	3	10	7	1
ENSMUSG00000025050.9	642	556	360	336
ENSMUSG00000117691.2	46	47	46	43
ENSMUSG00000118915.1	3	2	3	5
ENSMUSG00000139045.1	1	2	4	1
ENSMUSG00000025049.7	263	245	185	175
ENSMUSG00000071528.5	1538	1524	1432	1291
ENSMUSG00000025047.10	1409	1420	1100	940
ENSMUSG00000033033.11	22	33	1	5
ENSMUSG00000079258.3	1	0	0	0
ENSMUSG00000094219.2	0	0	0	0
ENSMUSG00000132697.1	5	6	0	1
ENSMUSG00000091230.2	0	0	0	0
ENSMUSG00000006435.17	60	65	33	45
ENSMUSG00000128190.1	0	0	0	0
ENSMUSG00000118127.2	0	0	0	0
ENSMUSG00000117659.2	0	0	0	0
ENSMUSG00000118029.2	4	6	2	4
ENSMUSG00000053617.13	2850	2612	1231	1539
ENSMUSG00000098786.3	0	0	0	0
ENSMUSG00000122191.1	0	1	0	0
ENSMUSG00000141219.1	1	1	1	1
ENSMUSG00000138898.1	0	0	0	0
ENSMUSG00000138857.1	0	0	1	0
ENSMUSG00000042694.18	276	387	78	99
ENSMUSG00000097990.2	48	105	2	2
ENSMUSG00000136868.1	0	0	1	0
ENSMUSG00000136835.1	0	0	0	0
ENSMUSG00000134884.1	0	0	0	0
ENSMUSG00000025060.16	4669	4978	3424	3703
ENSMUSG00000130638.1	9	10	8	13
ENSMUSG00000118206.2	4	6	3	3
ENSMUSG00000086121.2	2	2	1	2
ENSMUSG00000025064.16	68	88	116	98
ENSMUSG00000117702.2	0	3	1	2
ENSMUSG00000088525.3	0	0	0	0
ENSMUSG00001118662.1	0	0	0	0
ENSMUSG00000118149.2	0	0	1	0
ENSMUSG00000122797.1	2	0	0	0
ENSMUSG00000025066.11	2762	2721	2405	2318
ENSMUSG00000044948.18	33	22	11	12
ENSMUSG00000099069.3	0	1	0	0
ENSMUSG00000135593.1	1	0	0	1
ENSMUSG00000025068.9	1098	1053	1153	1114
ENSMUSG00000135557.1	43	46	30	42
ENSMUSG00000025069.16	32	33	17	16
ENSMUSG00000117975.2	753	934	542	470
ENSMUSG00002075899.1	0	0	0	0
ENSMUSG00000125974.1	2	3	2	3
ENSMUSG00000046585.10	1	0	0	1
ENSMUSG00000139656.1	0	0	0	0
ENSMUSG00000129767.1	0	0	0	0
ENSMUSG00000117690.3	0	0	0	0
ENSMUSG00000135685.1	0	0	0	0
ENSMUSG00000063434.7	2	2	3	0
ENSMUSG00002075051.1	0	0	0	0
ENSMUSG00000124876.1	0	0	0	0
ENSMUSG00000117930.2	0	0	0	0
ENSMUSG00000140974.1	0	0	0	0
ENSMUSG00000130265.1	0	0	0	0
ENSMUSG00000118014.2	0	0	0	0
ENSMUSG00000117996.3	0	0	0	1
ENSMUSG00000135490.1	0	0	0	0
ENSMUSG00000139750.1	0	0	0	0
ENSMUSG00000117931.2	0	0	0	0
ENSMUSG00000118059.2	17661	19200	15132	13612
ENSMUSG00002076593.1	0	0	0	0
ENSMUSG00000117697.2	501	537	480	393
ENSMUSG00000135367.1	0	0	0	0
ENSMUSG00000062083.2	33131	34978	30494	25546
ENSMUSG00000043531.18	3	11	8	5
ENSMUSG00002075054.1	0	0	0	0
ENSMUSG00000110007.3	0	0	0	0
ENSMUSG00000130261.1	0	0	0	0
ENSMUSG00000134953.1	0	0	2	6
ENSMUSG00000097446.2	1	0	0	2
ENSMUSG00000117758.3	0	0	0	0
ENSMUSG00002076015.1	0	0	0	0
ENSMUSG00000118338.2	2	0	0	0
ENSMUSG00000141532.1	0	0	0	0
ENSMUSG00000065143.3	0	0	0	0
ENSMUSG00000117806.2	2	0	1	0
ENSMUSG00000118158.2	4	5	6	3
ENSMUSG00000097719.2	4365	4692	3412	3043
ENSMUSG00000117867.2	0	0	0	0
ENSMUSG00000118173.3	0	0	0	0
ENSMUSG00000035804.6	2	0	0	1
ENSMUSG00000118114.3	0	1	0	0
ENSMUSG00000118128.2	35	31	27	21
ENSMUSG00000125068.1	2	0	0	0
ENSMUSG00000121998.1	3	1	3	4
ENSMUSG00000117896.3	5	5	3	5
ENSMUSG00000025027.19	1185	1336	1746	1458
ENSMUSG00000133839.1	1	1	0	1
ENSMUSG00000098730.3	0	0	0	0
ENSMUSG00000099988.9	5	7	2	2
ENSMUSG00000133604.1	3	1	0	0
ENSMUSG00000133797.1	0	0	1	0
ENSMUSG00000133758.1	0	0	0	0
ENSMUSG00000133718.1	0	1	0	0
ENSMUSG00000143843.1	1	0	0	0
ENSMUSG00000118233.3	1	0	0	0
ENSMUSG00000118003.2	67	82	59	54
ENSMUSG00000025026.16	1303	1201	531	613
ENSMUSG00002075407.1	1	0	0	0
ENSMUSG00000133102.1	0	0	0	1
ENSMUSG00000133064.1	0	1	0	0
ENSMUSG00000118314.3	0	1	2	3
ENSMUSG00000133017.1	0	0	0	0
ENSMUSG00000118350.2	1193	1273	980	812
ENSMUSG00000118369.3	5	6	4	2
ENSMUSG00000025025.15	904	836	606	724
ENSMUSG00000131906.1	0	1	1	0
ENSMUSG00000025024.8	1798	1800	1242	1192
ENSMUSG00000117768.4	7	11	7	4
ENSMUSG00000120446.2	18	32	12	15
ENSMUSG00000125126.1	4	5	3	0
ENSMUSG00000125159.1	0	0	0	0
ENSMUSG00000097779.5	28	37	28	33
ENSMUSG00000131811.1	5	4	4	3
ENSMUSG00000097636.11	90	153	296	312
ENSMUSG00000118378.2	3	4	7	5
ENSMUSG00000137452.1	2	0	1	0
ENSMUSG00000133105.1	0	0	0	0
ENSMUSG00000123346.1	0	1	0	0
ENSMUSG00000123385.1	0	0	0	0
ENSMUSG00000118210.4	12	12	6	8
ENSMUSG00000034765.7	9487	15575	11342	12725
ENSMUSG00000141279.1	39	37	13	7
ENSMUSG00000138840.1	13	32	3	8
ENSMUSG00000128583.1	0	0	1	0
ENSMUSG00000071497.5	1295	1381	1153	797
ENSMUSG00000118159.2	4	0	5	0
ENSMUSG00000024974.11	2013	2020	1932	1650
ENSMUSG00000138957.1	0	0	0	0
ENSMUSG00000120152.2	0	0	0	0
ENSMUSG00000126176.1	4	1	1	3
ENSMUSG00000043639.16	1020	2697	122	98
ENSMUSG00000126106.1	9	17	7	10
ENSMUSG00000089807.2	5837	5812	5112	4394
ENSMUSG00000089679.3	0	0	0	0
ENSMUSG00000132456.1	0	0	0	0
ENSMUSG00000117693.2	0	0	1	0
ENSMUSG00000130471.1	0	1	1	0
ENSMUSG00000024975.14	1607	1533	4744	3455
ENSMUSG00000084957.4	347	366	255	246
ENSMUSG00000024976.15	1984	2386	1830	1687
ENSMUSG00000117704.2	1	0	2	1
ENSMUSG00000117981.3	2	0	0	0
ENSMUSG00000130311.1	1	0	0	1
ENSMUSG00000033717.7	110	225	48	30
ENSMUSG00000117921.2	8	11	1	3
ENSMUSG00000125513.1	6	7	0	0
ENSMUSG00000139455.1	0	1	2	0
ENSMUSG00000118324.2	87	66	53	49
ENSMUSG00000123122.1	0	0	0	0
ENSMUSG00000132594.1	0	0	1	0
ENSMUSG00000132511.1	0	1	1	0
ENSMUSG00000117755.2	143	164	52	55
ENSMUSG00000132551.1	0	0	0	0
ENSMUSG00000127025.1	0	0	0	0
ENSMUSG00000118207.2	5	8	0	4
ENSMUSG00000024978.12	563	668	605	841
ENSMUSG00000118099.3	3	6	0	0
ENSMUSG00000138685.1	1	0	1	0
ENSMUSG00000131590.1	0	0	0	0
ENSMUSG00000024979.14	1	0	0	2
ENSMUSG00000098289.3	0	0	0	0
ENSMUSG00000055523.8	35	31	9	10
ENSMUSG00000024981.7	2882	2711	1994	1719
ENSMUSG00000143065.1	3	7	0	0
ENSMUSG00000024982.11	739	758	765	680
ENSMUSG00000024983.11	1092	1018	856	839
ENSMUSG00000139449.1	0	0	1	0
ENSMUSG00000139491.1	0	0	1	0
ENSMUSG00000139366.1	0	0	0	0
ENSMUSG00000139406.1	1	0	0	0
ENSMUSG00000126989.1	3	0	1	0
ENSMUSG00000136232.1	0	1	0	0
ENSMUSG00000136270.1	0	0	0	0
ENSMUSG00000130152.1	1	3	1	0
ENSMUSG00000024985.22	1600	1822	1419	1509
ENSMUSG00000099746.2	0	3	4	2
ENSMUSG00000120932.2	0	1	1	0
ENSMUSG00000133899.1	7	21	4	7
ENSMUSG00000129665.1	9	9	8	5
ENSMUSG00000117833.2	0	0	1	0
ENSMUSG00000117827.2	74	92	236	297
ENSMUSG00000139746.1	0	0	2	0
ENSMUSG00000139908.1	0	2	7	7
ENSMUSG00000117695.3	2	3	0	5
ENSMUSG00000130428.1	0	0	0	0
ENSMUSG00000141021.1	2	0	0	0
ENSMUSG00000141058.1	0	0	0	0
ENSMUSG00000135796.1	0	0	0	1
ENSMUSG00000077223.3	0	0	0	0
ENSMUSG00000025075.15	1	0	0	0
ENSMUSG00000049134.16	10	4	6	2
ENSMUSG00000090990.3	0	1	0	0
ENSMUSG00000025076.13	298	303	387	229
ENSMUSG00000139820.1	0	1	2	1
ENSMUSG00000035818.15	815	851	273	279
ENSMUSG00000143319.1	1	0	0	1
ENSMUSG00000025077.15	306	293	212	149
ENSMUSG00000025078.10	888	971	796	623
ENSMUSG00000117890.3	1	4	2	3
ENSMUSG00000117859.4	4	7	10	25
ENSMUSG00000127261.1	0	1	1	1
ENSMUSG00000127335.1	0	0	0	0
ENSMUSG00000127373.1	0	0	0	0
ENSMUSG00000131187.1	0	0	0	0
ENSMUSG00000131158.1	1	0	0	0
ENSMUSG00000131128.1	5	0	1	5
ENSMUSG00000131087.1	5	5	4	6
ENSMUSG00000035283.6	153	171	46	59
ENSMUSG00000129579.1	6	5	0	0
ENSMUSG00000129682.1	0	3	0	0
ENSMUSG00000117696.4	7	3	3	8
ENSMUSG00000120396.2	4	5	9	7
ENSMUSG00000129613.1	0	2	3	3
ENSMUSG00000129647.1	390	349	301	274
ENSMUSG00000067063.2	0	0	0	0
ENSMUSG00000035173.15	1133	1164	1504	1399
ENSMUSG00000140609.1	0	2	0	0
ENSMUSG00000140568.1	0	0	3	4
ENSMUSG00000025081.14	6	2	6	12
ENSMUSG00000025082.9	15	20	16	28
ENSMUSG00000025083.19	130	172	20	6
ENSMUSG00000141499.1	1	0	0	1
ENSMUSG00000141537.1	0	0	0	0
ENSMUSG00000025085.17	991	1175	111	103
ENSMUSG00000129041.1	0	1	0	1
ENSMUSG00000117684.3	1	2	0	1
ENSMUSG00000097785.5	8	11	9	9
ENSMUSG00000117670.2	0	0	0	0
ENSMUSG00000033478.7	673	838	838	694
ENSMUSG00000130622.1	0	0	0	0
ENSMUSG00000130704.1	0	0	0	0
ENSMUSG00000130663.1	3	4	3	2
ENSMUSG00000117927.3	6	3	4	4
ENSMUSG00000130739.1	0	0	0	0
ENSMUSG00000130591.1	1	0	0	0
ENSMUSG00000025086.14	310	297	264	205
ENSMUSG00000117655.4	7	10	5	9
ENSMUSG00000118178.3	1	0	1	1
ENSMUSG00000118248.2	0	0	0	0
ENSMUSG00000117770.3	0	0	0	0
ENSMUSG00000135209.1	0	0	0	0
ENSMUSG00000117978.2	1241	1181	791	599
ENSMUSG00000134233.1	0	0	0	0
ENSMUSG00000054843.10	1078	987	1258	1185
ENSMUSG00000136832.1	0	2	0	1
ENSMUSG00000142908.1	702	1174	1844	1546
ENSMUSG00000093757.3	0	0	0	0
ENSMUSG00000140673.1	0	1	1	0
ENSMUSG00000117871.2	0	0	1	5
ENSMUSG00000140716.1	1	0	0	0
ENSMUSG00000087002.3	0	0	0	0
ENSMUSG00000144135.1	0	2	1	0
ENSMUSG00000025089.16	0	4	1	3
ENSMUSG00000136259.1	0	0	0	0
ENSMUSG00000118253.2	8378	7989	6324	6032
ENSMUSG00000128493.1	0	0	0	1
ENSMUSG00000025090.10	0	0	0	0
ENSMUSG00000125381.1	0	0	0	0
ENSMUSG00000100001.3	3	1	0	1
ENSMUSG00000046008.9	0	0	1	0
ENSMUSG00000118223.3	0	0	0	0
ENSMUSG00000121340.2	0	1	0	0
ENSMUSG00000101088.8	0	0	0	0
ENSMUSG00000042179.7	2	1	0	0
ENSMUSG00000025091.5	0	0	0	0
ENSMUSG00000026931.11	2	2	0	1
ENSMUSG00002076056.1	0	0	0	0
ENSMUSG00000091410.2	10011	10003	8217	7059
ENSMUSG00000120555.2	3	2	5	0
ENSMUSG00000025092.8	28	14	9	7
ENSMUSG00000128710.1	0	0	0	0
ENSMUSG00000092813.3	0	0	0	0
ENSMUSG00000048029.12	12	4	4	5
ENSMUSG00000041362.18	972	930	1158	1448
ENSMUSG00000136221.1	0	1	0	0
ENSMUSG00000118377.2	8	17	12	14
ENSMUSG00000138423.1	0	0	1	0
ENSMUSG00000006270.8	4	0	1	1
ENSMUSG00000126572.1	0	0	0	2
ENSMUSG00000140132.1	0	1	1	0
ENSMUSG00000117834.2	19	21	14	11
ENSMUSG00000140172.1	0	0	1	0
ENSMUSG00000040901.9	0	0	0	0
ENSMUSG00000101630.2	1	0	0	0
ENSMUSG00000025094.9	33	30	33	32
ENSMUSG00000074746.4	1602	1578	1302	1051
ENSMUSG00000128633.1	6258	6173	5460	4811
ENSMUSG00000067038.7	0	0	0	0
ENSMUSG00000118276.2	0	2	0	0
ENSMUSG00000128642.1	0	0	1	0
ENSMUSG00000110210.3	0	0	0	0
ENSMUSG00000087095.5	6	3	3	5
ENSMUSG00000043969.5	1	0	1	0
ENSMUSG00000130863.1	0	0	0	0
ENSMUSG00000100119.2	1	0	1	3
ENSMUSG00000118118.2	1736	1936	1406	1223
ENSMUSG00000118031.3	0	0	0	0
ENSMUSG00000118190.2	0	0	0	0
ENSMUSG00000128447.1	0	0	0	0
ENSMUSG00000090965.2	2	0	1	3
ENSMUSG00000040022.15	292	290	212	233
ENSMUSG00000091378.3	9	14	8	5
ENSMUSG00000118291.2	0	2	0	0
ENSMUSG00000118166.2	5	2	1	1
ENSMUSG00000124067.1	1	0	4	0
ENSMUSG00000053117.14	6	5	1	2
ENSMUSG00000124113.1	0	0	0	0
ENSMUSG00000057858.9	577	592	363	340
ENSMUSG00000099678.3	0	1	2	0
ENSMUSG00000132999.1	11	4	2	1
ENSMUSG00000129489.1	1	0	0	0
ENSMUSG00000140493.1	4	1	1	1
ENSMUSG00000045052.4	1	0	0	0
ENSMUSG00000033417.17	2172	2190	2640	2450
ENSMUSG00002075851.1	0	0	0	0
ENSMUSG00000131905.1	3	5	11	6
ENSMUSG00000117790.3	0	1	1	2
ENSMUSG00000132748.1	8	4	0	3
ENSMUSG00000132789.1	0	0	0	0
ENSMUSG00000072437.5	95	101	68	40
ENSMUSG00000024991.9	12193	11851	11612	10157
ENSMUSG00000118735.1	4	1	0	1
ENSMUSG00002075991.1	1	2	0	2
ENSMUSG00002075125.1	1	0	1	1
ENSMUSG00000126469.1	13	13	20	8
ENSMUSG00000129484.1	1	4	0	0
ENSMUSG00000024993.16	382	400	237	244
ENSMUSG00000083036.2	0	0	0	0
ENSMUSG00000129526.1	10	6	6	1
ENSMUSG00000063698.10	29	22	9	11
ENSMUSG00000024997.8	1399	1364	1929	1811
ENSMUSG00000003228.10	464	361	300	266
ENSMUSG00000096578.3	28	26	35	21
ENSMUSG00000088894.3	0	0	0	0
ENSMUSG00000074733.15	928	890	474	387
ENSMUSG00000142558.1	2	2	5	1
ENSMUSG00000120514.2	3940	4433	3691	3146
ENSMUSG00000070263.3	1	1	0	0
ENSMUSG00000118252.2	0	0	0	0
ENSMUSG00000094649.2	136	125	105	67
ENSMUSG00000059326.8	468	591	413	412
ENSMUSG00000117740.2	3	3	3	2
ENSMUSG00000136154.1	12	9	4	5
ENSMUSG00000117782.2	263	265	208	192
ENSMUSG00000117951.2	189	200	343	268
ENSMUSG00000136228.1	0	0	1	0
ENSMUSG00000136267.1	1	0	0	0
ENSMUSG00000136106.1	1	1	0	0
ENSMUSG00000095993.4	9618	9787	7194	6331
ENSMUSG00000118197.2	0	0	0	0
